0 0.526171875 0.766796875 0.52421875 0.7771484375 0.5359375 0.7681640625 0.5453125 0.7794921875 0.5431640625 0.8005859375 0.5306640625 0.8060546875 0.5267578125 0.7931640625 0.517578125 0.7810546875 0.517578125 0.7984375 0.4998046875 0.79609375 0.50078125 0.7876953125 0.48515625 0.7841796875 0.4927734375 0.7732421875 0.4841796875 0.7677734375 0.472265625 0.762890625 0.494921875 0.7525390625 0.5115234375 0.732421875 0.5302734375 0.7271484375 0.5646484375 0.706640625 0.5708984375 0.726953125 0.5439453125 0.7435546875 0.552734375 0.7580078125 0.527734375 0.75 0.537890625 0.7619140625
0 0.62734375 0.748828125 0.59296875 0.753515625 0.596875 0.7259765625 0.63828125 0.7171875 0.6572265625 0.727734375 0.6546875 0.7587890625 0.6537109375 0.780078125 0.6302734375 0.7763671875
0 0.9188967053167421 0.9078496182126697 0.9098380938914027 0.9180129383484164 0.8943721719457014 0.9074077347285068 0.9003375989819005 0.8903952205882353 0.9182338800904978 0.893709346719457 0.912931278280543 0.8786853082579186 0.9153616374434389 0.8694057550904978 0.9392233455882353 0.8828832013574661 0.9500494909502263 0.9063030260180995 0.9582243354072398 0.9301647341628959 0.9228736566742082 0.9310485011312217
0 0.3937334217506631 0.17510775862068964 0.371456399204244 0.17458968832891247 0.3647214854111406 0.1859872347480106 0.35384200928381965 0.17199933687002653 0.3553962201591512 0.1559391578249337 0.3326011273209549 0.15283073607427056 0.36109499336870027 0.13573441644562334 0.3973599137931034 0.1378066976127321 0.3880346485411141 0.11812002652519894 0.43310676392572944 0.1378066976127321 0.4170465848806366 0.1460958222811671 0.42688992042440316 0.16060179045092837 0.4253357095490716 0.18080653183023873 0.44761273209549074 0.19324021883289125 0.4222272877984085 0.21966180371352784 0.4087574602122016 0.1916860079575597 0.3781913129973475 0.1916860079575597
0 0.3595407824933687 0.19375828912466844 0.4025406167108753 0.22380636604774537 0.40150447612732093 0.24245689655172414 0.43103448275862066 0.23727619363395225 0.44968501326259946 0.25540865384615385 0.4527934350132626 0.2699146220159151 0.4740343169761273 0.27716760610079577 0.5040823938992043 0.2978904177718833 0.5165160809018567 0.3092879641909814 0.4610825596816976 0.2994446286472148 0.46470905172413796 0.33052884615384615 0.4833595822281167 0.34348060344827586 0.4719620358090186 0.35746850132625996 0.5040823938992043 0.3693841180371353 0.4828415119363395 0.3864804376657825 0.4818053713527851 0.4087574602122016 0.5020101127320955 0.4206730769230769 0.4900944960212202 0.43984167771883287 0.46419098143236076 0.4657451923076923 0.46004641909814326 0.481287301061008 0.4968294098143236 0.4828415119363395 0.4911306366047745 0.495275198938992 0.4533115053050398 0.4963113395225464 0.44139588859416445 0.4750704575596817 0.44191395888594165 0.45434764588859416 0.4605644893899204 0.4616006299734748 0.45952834880636606 0.44191395888594165 0.44346816976127323 0.44087781830238726 0.44968501326259946 0.4211911472148541 0.43362483421750664 0.40720324933687 0.4066851790450928 0.4092755305039788 0.3947695623342175 0.4046128978779841 0.37560096153846156 0.41911886604774534 0.35798657161803715 0.4258537798408488 0.3673118368700265 0.44087781830238726 0.3507335875331565 0.45382957559681697 0.33052884615384615 0.4667813328912467 0.3066976127320955 0.45952834880636606 0.2911555039787798 0.45901027851458887 0.2963362068965517 0.43725132625994695 0.2901193633952255 0.42274535809018565 0.31343252652519893 0.4025406167108753 0.3149867374005305 0.3895888594164456 0.31239638594164454 0.37093832891246686 0.34658902519893897 0.3642034151193634 0.33519147877984085 0.3155048076923077 0.35798657161803715 0.2901193633952255 0.34244446286472147 0.27716760610079577 0.31705901856763924 0.2704326923076923 0.33622761936339524 0.24608338859416445 0.32534814323607425 0.21810759283819628
0 0.5538171419098143 0.014505968169761274 0.525323275862069 0.04299983421750663 0.4652271220159151 0.06786720822281167 0.4077213196286472 0.06579492705570292 0.3968418435013263 0.09014423076923077 0.3647214854111406 0.10983090185676392 0.3155048076923077 0.09169844164456234 0.3201674403183024 0.06424071618037135 0.2813121684350133 0.045072115384615384 0.25074602122015915 0.04818053713527851 0.23313163129973474 0.05854194297082228 0.25644479442970824 0.08392738726790451 0.21240881962864722 0.08807194960212202 0.21448110079575597 0.06372264588859416 0.18391495358090185 0.05491545092838196 0.16319214190981432 0.08444545755968169 0.1196742374005305 0.08703580901856764 0.10465019893899204 0.06268650530503979 0.12071037798408488 0.035746850132626 0.14816810344827586 0.03522877984084881 0.16889091511936338 0.036264920424403185 0.20101127320954906 0.04248176392572944 0.20256548408488065 0.02745772546419098 0.1916860079575597 0.001554210875331565 0.5548532824933687 0.0005180702917771884
0 0.776386385976409 0.1850733125819135 0.7986566186107471 0.17969773918741808 0.8117115825688074 0.17944175950196592 0.8196469528178244 0.1994081749672346 0.8111996231979031 0.21015932175622543 0.8216947903014417 0.26340309633027525 0.797120740498034 0.26724279161205766 0.7858576343381389 0.22910181847968544 0.7676830766710354 0.2129750982961992 0.751300376802097 0.21195117955439058 0.7492525393184797 0.1948005406290957
0 0.976905755711775 0.0 0.9593997144112477 0.01990883128295255 0.97724901142355 0.032266036906854124 0.9830843585237258 0.05903998242530755 0.9779355228471001 0.10091717926186292 0.9662648286467486 0.11052833919156414 0.9968145869947275 0.13352647188049208 0.9878899384885764 0.15274879173989453 0.9573401801405975 0.1664790202108963 0.9442964630931459 0.19119343145869946 0.9103141476274165 0.19428273286467485 0.867750439367311 0.20663993848857642 0.8571095123022846 0.187760874340949 0.8354844024604569 0.18913389718804918 0.8186648725834798 0.1781497144112478 0.7486407073813708 0.1836418057996485 0.7417755931458699 0.20698319420035147 0.7273588532513181 0.20252086994727592 0.7242695518453427 0.1750604130052724 0.6851384007029877 0.17609018014059752 0.6504695738137082 0.17334413444639718 0.6223226054481547 0.12494507908611599 0.6223226054481547 0.0617860281195079 0.609278888400703 0.03432557117750439 0.6127114455184534 0.031236269771528997 0.5952054042179261 0.021625109841827767 0.570490992970123 0.02540092267135325 0.5567607644991213 0.0024027899824253076
0 0.03160511363636364 0.7911931818181818 0.04403409090909091 0.8117897727272727 0.08238636363636363 0.8231534090909091 0.09232954545454546 0.7990056818181818 0.07670454545454546 0.7752130681818182 0.048650568181818184 0.7581676136363636 0.01455965909090909 0.7720170454545454 0.0014204545454545455 0.7730823863636364 0.002840909090909091 0.7965198863636364
0 0.02166193181818182 0.8544034090909091 0.03231534090909091 0.8668323863636364 0.04332386363636364 0.8678977272727273 0.03160511363636364 0.8856534090909091 0.013849431818181818 0.8828125 0.018110795454545456 0.8540482954545454
0 0.06640625 0.5092329545454546 0.04794034090909091 0.5003551136363636 0.030894886363636364 0.49076704545454547 0.036576704545454544 0.47265625 0.049360795454545456 0.4602272727272727 0.04190340909090909 0.4485085227272727 0.052556818181818184 0.44140625 0.06640625 0.4637784090909091 0.07173295454545454 0.4900568181818182 0.08771306818181818 0.5042613636363636 0.10759943181818182 0.5088778409090909 0.12855113636363635 0.5134943181818182 0.12357954545454546 0.5269886363636364 0.13139204545454544 0.5482954545454546 0.10049715909090909 0.5571732954545454 0.07954545454545454 0.5426136363636364 0.07208806818181818 0.5276988636363636 0.06321022727272728 0.5262784090909091
0 0.6616847826086957 0.336616847826087 0.6752717391304348 0.34578804347826086 0.6868206521739131 0.36141304347826086 0.6963315217391305 0.367866847826087 0.7010869565217391 0.358695652173913 0.6942934782608695 0.34171195652173914 0.701766304347826 0.33559782608695654 0.6946331521739131 0.3216711956521739 0.6664402173913043 0.32065217391304346 0.6531929347826086 0.30978260869565216 0.6304347826086957 0.31997282608695654 0.6460597826086957 0.350883152173913 0.6569293478260869 0.3451086956521739
