2 0.0055480072463768085 0.002122961956521739 0.003425045289855072 0.043166893115942025 0.006255661231884056 0.07642663043478261 0.014039855072463761 0.10048686594202898 0.003425045289855072 0.1387001811594203 0.0055480072463768085 0.1938971920289855 0.006255661231884056 0.25617074275362317 0.0027173913043478243 0.27881567028985504 0.006963315217391304 0.3071218297101449 0.003425045289855072 0.36585711050724634 0.011209239130434777 0.4104393115942029 0.0055480072463768085 0.43945312499999994 0.016870471014492752 0.4727128623188405 0.006255661231884056 0.5052649456521738 0.006963315217391304 0.5533854166666666 0.0027173913043478243 0.5965523097826086 0.007670969202898545 0.6404268568840579 0.004132699275362313 0.6708559782608695 0.004840353260869561 0.7373754528985507 0.006963315217391304 0.7918648097826086 0.003425045289855072 0.8109714673913043 0.0020097373188405765 0.8428158967391304 0.014039855072463761 0.8583842844202898 0.004840353260869561 0.876075634057971 0.0055480072463768085 0.9199501811594202 0.01333220108695652 0.9475486865942028 0.0055480072463768085 0.9631170742753622 0.004132699275362313 0.9850543478260869 0.00908627717391304 0.9977921195652173 0.0005944293478260809 0.9977921195652173 0.0005944293478260809 0.018399003623188404
1 0.728546626984127 0.35342261904761907 0.7242063492063492 0.3478422619047619 0.7266865079365079 0.3348214285714286 0.7155257936507937 0.326140873015873 0.7142857142857143 0.3131200396825397 0.7099454365079365 0.3280009920634921 0.714905753968254 0.349702380952381 0.6956845238095238 0.3416418650793651 0.6820436507936508 0.3447420634920635 0.6659226190476191 0.33606150793650796 0.6491815476190477 0.34412202380952384 0.6324404761904762 0.35032242063492064 0.6237599206349207 0.35466269841269843 0.6268601190476191 0.36458333333333337 0.6417410714285714 0.35962301587301587 0.6628224206349207 0.35032242063492064 0.6801835317460317 0.35962301587301587 0.6876240079365079 0.35652281746031744 0.7080853174603174 0.36086309523809523 0.716765873015873 0.3794642857142857 0.7707093253968255 0.3949652777777778 0.7986111111111112 0.4123263888888889 0.8010912698412699 0.4470486111111111 0.8054315476190477 0.44828869047619047 0.8072916666666667 0.4191468253968254 0.8097718253968255 0.3869047619047619 0.8196924603174603 0.3714037698412698 0.8116319444444444 0.33358134920634924 0.8327132936507937 0.3230406746031746 0.8314732142857143 0.31125992063492064 0.8438740079365079 0.3149801587301587 0.8252728174603174 0.2883184523809524 0.8240327380952381 0.2542162698412698 0.8116319444444444 0.2535962301587302 0.8258928571428572 0.30443948412698413 0.8054315476190477 0.32242063492063494 0.7409474206349207 0.2907986111111111 0.728546626984127 0.25793650793650796 0.7124255952380952 0.2387152777777778 0.7056051587301587 0.2170138888888889 0.6863839285714286 0.23189484126984128 0.7130456349206349 0.27839781746031744 0.7421875 0.30443948412698413 0.7967509920634921 0.33544146825396826 0.806671626984127 0.3707837301587302 0.7849702380952381 0.3838045634920635
0 0.00851212686567164 0.8337220149253731 0.06535680970149253 0.8373659048507462 0.05806902985074626 0.8198752332089552 0.08867770522388058 0.830078125 0.07555970149253731 0.8439249067164178 0.10908348880597013 0.8555853544776119 0.14552238805970147 0.8315356809701492 0.13313316231343283 0.8125874533582089 0.13823460820895522 0.8016557835820896 0.15572527985074625 0.7950967817164178 0.14406483208955223 0.7703183302238805 0.1273029384328358 0.7586578824626865 0.13021805037313433 0.738252098880597 0.14916627798507462 0.7455398787313432 0.15208138992537312 0.7309643190298507 0.12803171641791045 0.7280492070895522 0.12584538246268656 0.7171175373134328 0.14187849813432835 0.7105585354477612 0.13969216417910446 0.6996268656716418 0.12001515858208955 0.7025419776119403 0.12220149253731341 0.6872376399253731 0.1703008395522388 0.6821361940298507 0.18196128731343283 0.6544426305970149 0.17540228544776118 0.640595848880597 0.20601096082089548 0.6252915111940298 0.19580806902985073 0.6041569496268656 0.1710296175373134 0.6078008395522387 0.1433360541044776 0.5771921641791045 0.1324043843283582 0.542939598880597 0.11855760261194029 0.511602145522388 0.10762593283582089 0.523262593283582 0.07410214552238806 0.5130597014925373 0.05005247201492537 0.523262593283582 0.02673157649253731 0.5436683768656716 0.061712919776119396 0.5669892723880596 0.05734025186567164 0.5852087220149254 0.027460354477611942 0.5808360541044776 0.00559701492537313 0.5655317164179104
0 0.00851212686567164 0.505771921641791 0.03912080223880597 0.5101445895522387 0.06827192164179104 0.5079582555970149 0.08284748134328357 0.49338269589552236 0.09596548507462685 0.4984841417910447 0.09013526119402984 0.48172224813432835 0.09742304104477612 0.4635027985074627 0.07774603544776118 0.4518423507462686 0.07191581156716417 0.46641791044776115 0.05005247201492537 0.46058768656716415 0.05879780783582089 0.45038479477611937 0.04640858208955223 0.44674090485074625 0.06244169776119403 0.41103078358208955 0.04640858208955223 0.390625 0.07483092350746268 0.36001632462686567 0.11199860074626863 0.3264925373134328 0.12220149253731341 0.3257637593283582 0.11782882462686567 0.30827308768656714 0.10398204291044774 0.2966126399253731 0.0966942630597015 0.2769356343283582 0.12147271455223879 0.25725862873134325 0.10106693097014924 0.25725862873134325 0.1025244869402985 0.24049673507462685 0.10981226679104478 0.23320895522388058 0.08867770522388058 0.2259211753731343 0.04640858208955223 0.19312616604477612 0.031104244402985065 0.19604127798507462 0.04567980410447761 0.16105993470149252 0.00559701492537313 0.15960237873134328
0 0.4437934027777778 0.4177517361111111 0.4535590277777778 0.4226345486111111 0.4399956597222222 0.4372829861111111 0.44596354166666663 0.4465060763888889 0.4541015625 0.4383680555555555 0.4660373263888889 0.4443359375 0.4660373263888889 0.4210069444444444 0.4768880208333333 0.4155815972222222 0.46875 0.4063585069444444 0.4709201388888889 0.3987630208333333 0.4644097222222222 0.3987630208333333 0.4649522569444444 0.3797743055555555 0.4568142361111111 0.38736979166666663 0.4269748263888889 0.38248697916666663 0.4307725694444444 0.4031032986111111 0.4562717013888889 0.4025607638888889 0.4302300347222222 0.4106987847222222 0.4318576388888889 0.42643229166666663
0 0.23318763766519823 0.5859375 0.202212968061674 0.5945415748898678 0.18070278083700442 0.5962623898678414 0.16349463105726875 0.5824958700440529 0.1695174834801762 0.5644273127753304 0.20565459801762115 0.5609856828193832 0.2082358204845815 0.5437775330396476 0.2366292676211454 0.5274297907488986 0.2650227147577092 0.5446379405286343 0.2839516795154185 0.5265693832599119 0.3261116464757709 0.5566836453744494 0.33041368392070486 0.5781938325991189 0.277928827092511 0.5764730176211453 0.29599738436123346 0.5997040198237885 0.2693247522026432 0.6014248348017621 0.2830912720264317 0.6169121696035242 0.25383741740088106 0.6203537995594713 0.25469782488986786 0.6048664647577092 0.22630437775330398 0.6031456497797357
0 0.5688229571984437 0.059277723735408565 0.5604632782101168 0.08359678988326849 0.533864299610895 0.09727626459143969 0.5087852626459144 0.09119649805447472 0.4989056420233463 0.11171571011673152 0.4821862840466926 0.12919503891050585 0.46926678015564205 0.13375486381322957 0.4616670719844358 0.11627553501945526 0.4799063715953308 0.10639591439688717 0.47762645914396895 0.08435676070038911 0.45938715953307396 0.07523711089494164 0.4616670719844358 0.06231760700389105 0.48598613813229574 0.06915734435797666 0.5034654669260701 0.05015807392996109 0.4837062256809339 0.05091804474708172 0.47230666342412453 0.03191877431906615 0.49966561284046696 0.024319066147859923 0.5087852626459144 0.041798394941634245 0.5247446498054475 0.02279912451361868 0.5429839494163424 0.015959387159533076 0.5756626945525293 0.04635821984435798
0 0.8080535239361701 0.12549867021276595 0.7945478723404255 0.11490192819148935 0.7766788563829787 0.1159408244680851 0.7922623005319148 0.08643617021276595 0.8165724734042553 0.09079953457446809 0.8415059840425532 0.06337267287234043 0.8539727393617021 0.0789561170212766 0.846700465425532 0.0983488475177305 0.8169187721631206 0.10943040780141845
0 0.7413694371727748 0.003323380235602094 0.7007219404450261 0.04857248036649214 0.6869171302356021 0.03195557918848167 0.6743905431937173 0.01815076897905759 0.653938972513089 0.03093300065445026 0.6314422447643978 0.0010225785340314136
0 0.7815164563437926 0.047162772851296046 0.7735227660300137 0.06261724079126876 0.7807170873124147 0.0767394270122783 0.7641967939972715 0.08100272851296043 0.7439461118690314 0.08206855388813097 0.7423473738062756 0.07327549454297408 0.7287581002728513 0.07247612551159618 0.7343536834924966 0.05435709413369713 0.7527391712141882 0.05089316166439291 0.7591341234652115 0.06474889154160982 0.7743221350613916 0.04103427694406549
0 0.800168400409277 0.0018651944065484311 0.7809835436562074 0.0282443724420191 0.7759208731241474 0.010924710095497954 0.749275238744884 0.002398107094133697
0 0.42790238575268813 0.9975638440860215 0.4142515120967742 0.991263440860215 0.38327452956989244 0.9965137768817204 0.3822244623655914 0.9760374663978494 0.39692540322580644 0.9770875336021505 0.3964003696236559 0.9854880712365591 0.4273773521505376 0.9739373319892473 0.4305275537634408 0.9608114919354839 0.502982190860215 0.9812878024193548 0.523458501344086 0.9965137768817204
