0 0.043402777777777776 0.0034265350877192985 0.05768000730994152 0.005139802631578948 0.07024396929824561 0.0074241593567251464 0.08851882309941521 0.01770376461988304 0.10964912280701755 0.027412280701754388 0.12563961988304093 0.02284356725146199 0.1342059576023392 0.015990497076023392 0.15533625730994152 0.02055921052631579 0.16104714912280702 0.023414656432748537 0.18503289473684212 0.004568713450292397 0.1930281432748538 0.003997624269005848 0.2735517178362573 0.0034265350877192985 0.4523026315789474 0.005139802631578948 0.4389664659468438 0.0126531353820598 0.41593127076411956 0.02141299833887043 0.40165593853820597 0.027901785714285712 0.43766870847176076 0.017844165282392025 0.4564861918604651 0.0064887873754152815 0.47108596345514947 0.010057620431893687 0.48633461378737536 0.004866590531561461 0.512938642026578 0.004542151162790697 0.5242940199335547 0.015897529069767442 0.5340272009966777 0.018493044019933555 0.5508980481727574 0.013626453488372091 0.562577865448505 0.0038932724252491694 0.579124273255814 0.004217711794019933 0.5836664244186046 0.0171952865448505 0.5930751661129567 0.010706499169435215 0.5865863787375415 0.008110984219269103 0.5869108181063123 0.004217711794019933 0.7134421719269103 0.0025955149501661126 0.7710993503584229 0.005600358422939068 0.9450604838709677 0.0017501120071684588
0 0.18660776462395545 0.01088091922005571 0.22414693593314763 0.013057103064066853 0.26875870473537605 0.013601149025069639 0.27528725626740946 0.028290389972144846 0.27147893454038996 0.0375391713091922 0.28399199164345407 0.046787952646239556 0.294328864902507 0.057124825905292484 0.2954169568245125 0.09194376740947076 0.27528725626740946 0.10010445682451254 0.24155640668523679 0.10826514623955433 0.23448380919220058 0.11969011142061282 0.20782555710306408 0.12676270891364902 0.18769585654596102 0.14852454735376044 0.17409470752089137 0.16756615598885793 0.17083043175487467 0.17844707520891365 0.1588614206128134 0.19748868384401114 0.17463875348189417 0.19694463788300837 0.18171135097493038 0.17463875348189417 0.20891364902506965 0.14471622562674094 0.21707433844011143 0.14036385793871867 0.2225147980501393 0.1398198119777159 0.22360288997214486 0.1278508008356546 0.24155640668523679 0.12241034122562675 0.24699686629526463 0.11316155988857939 0.25678969359331477 0.11805797353760446 0.27691939415041783 0.11751392757660167 0.2926967270194986 0.10717705431754875 0.3057538300835655 0.11098537604456825 0.3160907033426184 0.12948293871866295 0.3356763579387187 0.15342096100278552 0.34764536908078 0.1882399025069638 0.3563501044568245 0.20020891364902507 0.36723102367688026 0.20347318941504178 0.3797440807799443 0.21653029247910865 0.3873607242339833 0.23611594707520892 0.4047701949860724 0.2480849582172702 0.42653203342618384 0.26603847493036215 0.4542783774373259 0.3111942896935933 0.4733199860724234 0.3215311629526463 0.46896761838440115 0.36233461002785516 0.4553664693593315 0.3862726323119777 0.45210219359331477 0.4140189763231198 0.45482242339832873 0.443941504178273 0.4553664693593315 0.4618950208913649 0.4559105153203343 0.47712830779944293 0.4673354805013928 0.482024721448468 0.47168784818941506 0.497258008356546 0.46896761838440115 0.5206519846796658 0.46515929665738165 0.5331650417827298 0.4580866991643454 0.5391495473537604 0.4608069289693594 0.5511185584958217 0.45482242339832873 0.563087569637883 0.45754265320334264 0.573424442896936 0.46679143454039 0.5690720752089137 0.4765842618384401 0.5440459610027856 0.47821639972144847 0.5103151114206128 0.47549616991643456 0.4749521239554318 0.46787952646239556 0.46026288300835655 0.4711438022284123 0.39715355153203347 0.4880092270194986 0.33132399025069637 0.47712830779944293 0.30901810584958217 0.4559105153203343 0.2954169568245125 0.4325165389972145 0.2524373259052925 0.4031380571030641 0.23774808495821728 0.39334522980501396 0.21381006267409472 0.36396674791086353 0.19422440807799443 0.3460132311977716 0.16103760445682452 0.3307799442896936 0.13057103064066852 0.3193549791086351 0.11696988161559889 0.3073859679665738 0.10663300835654596 0.309562151810585 0.08704735376044569 0.3242513927576602 0.07997475626740948 0.33350017409470756 0.06691765320334261 0.3563501044568245 0.054404596100278556 0.3726714832869081 0.042435584958217275 0.32479543871866295 0.06691765320334261 0.3160907033426184 0.06691765320334261 0.3041216922005571 0.054404596100278556 0.2899764972144847 0.04569986072423399 0.2861681754874652 0.03536298746518106 0.2823598537604457 0.017409470752089137 0.28780031337047357 0.011424965181058497 0.4254439415041783 0.009792827298050139
0 0.589532208588957 0.02276648773006135 0.6047098670756647 0.05951239775051125 0.5995175102249489 0.09146536298568508 0.5923280930470348 0.12861068507157464 0.5859375 0.15936541411042945 0.583541027607362 0.19890720858895708 0.5907304447852761 0.23445488241308796 0.5975204498977505 0.22407016871165647 0.6075057515337424 0.2340554703476483 0.6134969325153374 0.24563842024539878 0.6158934049079755 0.2652096114519428 0.6083045756646217 0.2791890337423313 0.6126981083844582 0.2823843302658487 0.6198875255623723 0.2708013803680982 0.6302722392638037 0.26640784764826175 0.6246804703476483 0.2572213701431493 0.6182898773006136 0.24164429959100206 0.6174910531697342 0.23165899795501024 0.6051092791411044 0.21807898773006137 0.5939257413087935 0.19611132413087937 0.5919286809815951 0.17094836400817998 0.5987186860940695 0.15537129345603273 0.5971210378323109 0.1397942229038855 0.6051092791411044 0.10784125766871167 0.6114998721881391 0.11503067484662577 0.6138963445807771 0.12701303680981596 0.6103016359918201 0.1365989263803681 0.606706927402863 0.15177658486707568 0.6039110429447854 0.1677530674846626 0.5999169222903886 0.18732425869120656 0.6023133946830266 0.21248721881390595 0.606706927402863 0.2001054447852761 0.6071063394683027 0.17334483640081802 0.6142957566462168 0.14418775562372188 0.6210857617586912 0.13460186605316973 0.6266775306748467 0.12581480061349695 0.6366628323108385 0.12501597648261759 0.6762046267893661 0.13100715746421268 0.6949769938650308 0.13580010224948877 0.714148773006135 0.13100715746421268 0.736116436605317 0.12581480061349695 0.7465011503067485 0.12301891615541923 0.7632764570552147 0.12501597648261759 0.7728623466257669 0.11143596625766872 0.7293264314928426 0.11982361963190184 0.7009681748466258 0.13020833333333334 0.6750063905930471 0.12501597648261759 0.6466481339468303 0.1190247955010225 0.6174910531697342 0.107441845603272 0.6170916411042945 0.0882700664621677 0.6230828220858896 0.06510416666666667 0.6290740030674847 0.05631710122699387 0.620286937627812 0.039142382413087935 0.6198875255623723 0.016775306748466258 0.6182898773006136 0.0071894171779141106
0 0.8751598465473146 0.10340073529411764 0.8586756713554987 0.08891464194373401 0.8746603260869565 0.11588874680306904 0.8846507352941176 0.14186381074168797 0.8956401854219949 0.16584079283887468 0.8986373081841432 0.18432304987212275 0.8761588874680306 0.22628276854219948 0.8651694373401534 0.2632472826086956 0.860673753196931 0.2912204283887468 0.8571771099744245 0.3062060421994885 0.8761588874680306 0.26274776214833756 0.9016344309462915 0.3321811061381074 0.9116248401534527 0.346167679028133 0.9046315537084398 0.2992127557544757 0.8821531329923273 0.257752557544757 0.8986373081841432 0.2112971547314578 0.9196171675191815 0.1828244884910486 0.9450927109974424 0.14536045396419436 0.9440936700767263 0.1208839514066496 0.9136229219948849 0.16534127237851662
0 0.4429196247464503 0.33951888945233266 0.4270727687626775 0.3375380324543611 0.4139991125760649 0.3450652890466532 0.41043356997971603 0.3418959178498986 0.3926058569979716 0.35021551724137934 0.3787398580121704 0.3490270030425964 0.38468242900608524 0.3593274594320487 0.38151305780933065 0.36606237322515217 0.39854842799188644 0.36447768762677485 0.39498288539553755 0.37715517241379315 0.3767590010141988 0.37755134381338745 0.37200494421906694 0.3858709432048682 0.3632891734279919 0.3823054006085193 0.3494231744421907 0.3926058569979716 0.3280299188640974 0.3858709432048682 0.31812563387423937 0.3858709432048682 0.30029792089249496 0.3724011156186613 0.28682809330628806 0.3727972870182556 0.30069409229208927 0.37794751521298176 0.310202205882353 0.3858709432048682 0.3169371196754564 0.3926058569979716 0.33555717545638947 0.3977560851926978 0.34664997464503045 0.40211397058823534 0.3557619168356998 0.3941905425963489 0.3827015720081136 0.3827015720081136 0.38547477180527384 0.38864414300202843 0.37358962981744426 0.3902288286004057 0.3621006592292089 0.3969637423935092 0.3751743154158215 0.4036986561866126 0.39181351419878296 0.40488717038539557 0.401717799188641 0.400529284989858 0.41597996957403655 0.3933981997971603 0.4310344827586207 0.3922096855983773 0.4480698529411765 0.38943648580121704 0.4555971095334686 0.3787398580121704 0.43380768255578095 0.37715517241379315 0.44133493914807304 0.36725088742393514 0.45520093813387424 0.35259254563894527
0 0.5114572768762677 0.3058443204868154 0.4967989350912779 0.31495626267748483 0.515418990872211 0.3133715770791075 0.5273041328600406 0.3169371196754564 0.5261156186612577 0.3304069472616633 0.5288888184584178 0.3418959178498986 0.5502820740365112 0.339915060851927 0.5435471602434078 0.34704614604462475 0.5530552738336715 0.35338488843813387 0.5463203600405679 0.3589312880324544 0.5415663032454361 0.36804323022312374 0.5205692190669371 0.3648738590263692 0.5059108772819473 0.36368534482758624 0.5193807048681542 0.37160877281947263 0.5475088742393509 0.3751743154158215 0.557413159229209 0.3624968306288033 0.5708829868154158 0.36408151622718055 0.5914838995943206 0.36408151622718055 0.6140656693711968 0.37081643002028397 0.6001996703853956 0.35972363083164305 0.5732600152129818 0.35298871703853957 0.5554323022312374 0.3379342038539554 0.5447356744421907 0.33278397565922924 0.5518667596348885 0.3284260902636917 0.5665251014198783 0.3319916328600406 0.5950494421906694 0.3446691176470588 0.6101039553752536 0.3514040314401623 0.6287240111561867 0.35457340263691683 0.6350627535496958 0.3494231744421907 0.6231776115618661 0.33872654665314406 0.6318933823529412 0.3343686612576065 0.6449670385395538 0.3407074036511156 0.6620024087221096 0.3450652890466532 0.6802262931034483 0.33516100405679516 0.6528904665314402 0.33595334685598377 0.6386282961460447 0.320106490872211 0.6398168103448276 0.31218306288032455 0.6497210953346856 0.31218306288032455 0.6659641227180528 0.31535243407707914 0.6774530933062881 0.31852180527383367 0.6901305780933064 0.32208734787018256 0.7012233772819473 0.31971031947261663 0.7111276622718053 0.3165409482758621 0.7178625760649088 0.31812563387423937 0.7261821754563895 0.3244643762677485 0.7451984026369168 0.32525671906693715 0.7570835446247465 0.3248605476673428 0.7582720588235294 0.33318014705882354 0.7562912018255579 0.339915060851927 0.7372749746450304 0.3343686612576065 0.7416328600405679 0.3438767748478702 0.7182587474645031 0.33872654665314406 0.7071659482758621 0.34664997464503045 0.6980540060851927 0.35378105983772823 0.7376711460446248 0.3692317444219067 0.771345715010142 0.36725088742393514 0.7911542849898581 0.36368534482758624 0.7816461713995944 0.35021551724137934 0.7856078853955376 0.33555717545638947 0.7681763438133875 0.3308031186612576 0.7673840010141988 0.31931414807302233 0.7483677738336715 0.31772946247464506 0.7507448022312374 0.30425963488843816 0.7630261156186613 0.2955438640973631 0.7459907454361056 0.29078980730223125 0.7289553752535497 0.29831706389452334 0.6992425202839757 0.29118597870182555 0.7047889198782962 0.2800931795131846 0.6818109787018256 0.2860357505070994 0.658833037525355 0.29475152129817445 0.6366474391480731 0.29871323529411764 0.6429861815415822 0.3094098630831643 0.629120182555781 0.3105983772819473 0.6132733265720082 0.3070328346855984 0.6029728701825559 0.3070328346855984 0.6148580121703854 0.2935630070993915 0.6275354969574037 0.2915821501014199 0.6350627535496958 0.28722426470588236 0.6009920131845842 0.28445106490872213 0.5930685851926978 0.29395917849898584 0.5728638438133875 0.2915821501014199 0.5538476166328601 0.29831706389452334 0.5356237322515214 0.2959400354969574 0.5277003042596349 0.30465580628803246
0 0.007161458333333333 0.3001302083333333 0.026692708333333332 0.296875 0.043619791666666664 0.302734375 0.0546875 0.3131510416666667 0.08333333333333333 0.3033854166666667 0.10286458333333333 0.296875 0.134765625 0.306640625 0.15690104166666666 0.314453125 0.11197916666666667 0.314453125 0.10872395833333333 0.3248697916666667 0.08528645833333333 0.3177083333333333 0.064453125 0.330078125 0.03515625 0.314453125 0.029947916666666668 0.3255208333333333 0.008463541666666666 0.322265625
0 0.0012181652806652805 0.49173271829521825 0.000812110187110187 0.5790345634095634 0.018678534303534302 0.5798466735966735 0.041417619542619535 0.5757861226611226 0.049538721413721405 0.5721316268191268 0.0312662422037422 0.5636044698544698 0.03695101351351351 0.5571075883575883 0.029235966735966734 0.5481743762993763 0.041011564449064446 0.5457380457380456 0.051568996881496874 0.5477683212058212 0.06090826403326403 0.5497985966735967 0.057253768191268185 0.5571075883575883 0.0560356029106029 0.5640105249480248 0.06781120062370062 0.5652286902286902 0.07796257796257795 0.577410343035343 0.08648973492723491 0.568883186070686 0.09623505717255716 0.5709134615384615 0.1124772609147609 0.5802527286902286 0.09582900207900207 0.5855314449064448 0.08608367983367983 0.590404106029106 0.06659303534303533 0.5879677754677755 0.06740514553014552 0.5798466735966735 0.05765982328482328 0.582283004158004 0.06578092515592515 0.5997433731808731 0.07958679833679833 0.6001494282744282 0.09298661642411642 0.5964949324324323 0.11044698544698543 0.5928404365904365 0.1250649688149688 0.5916222713097713 0.1384647869022869 0.5944646569646569 0.11613175675675674 0.6029918139293139 0.1319679054054054 0.6086765852390852 0.14333744802494802 0.6042099792099791 0.15145854989604987 0.5964949324324323 0.16567047817047814 0.5899980509355509 0.1762279106029106 0.5895919958419957 0.21723947505197502 0.5960888773388773 0.21236681392931392 0.5749740124740124 0.1993730509355509 0.5717255717255717 0.17825818607068605 0.568883186070686 0.15836148648648646 0.5615741943866943 0.15917359667359665 0.538429054054054 0.15186460498960497 0.5331503378378378 0.1364345114345114 0.5400532744282743 0.1189741424116424 0.5416774948024947 0.10354404885654885 0.551422817047817 0.09907744282744281 0.5388351091476091 0.11044698544698543 0.5323382276507276 0.10191982848232847 0.5270595114345114 0.10719854469854469 0.5242171257796258 0.130343685031185 0.5217807952182951 0.14211928274428273 0.5156899688149688 0.1555191008316008 0.5116294178794178 0.17013708419958418 0.5100051975051975 0.15998570686070684 0.5185323544698545 0.2058699324324324 0.5185323544698545 0.22170608108108106 0.512441528066528 0.2241424116424116 0.5221868503118503 0.2444451663201663 0.5221868503118503 0.2188636954261954 0.529495841995842 0.22170608108108106 0.5368048336798337 0.24241489085239082 0.5351806133056133 0.23388773388773387 0.5465501559251559 0.22170608108108106 0.5526409823284822 0.20505782224532224 0.5575136434511434 0.20383965696465695 0.5648226351351351 0.212772869022869 0.5607620841995842 0.22292424636174635 0.5607620841995842 0.22982718295218293 0.5623863045738046 0.24282094594594592 0.555483367983368 0.24647544178794176 0.5485804313929313 0.2696205821205821 0.547362266112266 0.2809901247401247 0.5461441008316008 0.3118503118503118 0.5502046517671517 0.3207835239085239 0.5416774948024947 0.3207835239085239 0.5355866683991684 0.32809251559251557 0.5315261174636174 0.33377728690228686 0.5441138253638254 0.35854664760914756 0.529495841995842 0.33864994802494797 0.5238110706860706 0.33783783783783783 0.5169081340956341 0.3463649948024948 0.5120354729729729 0.3581405925155925 0.5116294178794178 0.3569224272349272 0.5063507016632016 0.3695101351351351 0.5022901507276507 0.37438279625779625 0.4986356548856548 0.35611031704781704 0.4876721673596673 0.33052884615384615 0.4827995062370062 0.3309349012474012 0.47670867983367976 0.31469269750519746 0.4836116164241164 0.3264682952182952 0.4913266632016631 0.3065715956340956 0.4807692307692307 0.2927657224532224 0.4807692307692307 0.3142866424116424 0.49335693866943864 0.30900792619542616 0.5022901507276507 0.29763838357588357 0.5116294178794178 0.2874870062370062 0.5039143711018711 0.27814773908523904 0.5067567567567567 0.29317177754677753 0.5144718035343034 0.2870809511434511 0.5225929054054054 0.2679963617463617 0.5250292359667359 0.2554086538461538 0.5238110706860706 0.22942112785862784 0.5160960239085238 0.2310453482328482 0.5059446465696466 0.2448512214137214 0.5055385914760914 0.2529723232848233 0.49822959979209974 0.2505359927234927 0.4929508835758835 0.22982718295218293 0.49579326923076916 0.2253605769230769 0.4803631756756756 0.22211213617463615 0.47752079002078995 0.24119672557172556 0.47346023908523904 0.2436330561330561 0.47995712058212053 0.2558147089397089 0.48604794698544695 0.26556003118503113 0.4880782224532224 0.2830204002079002 0.4937629937629937 0.273681133056133 0.4811752858627858 0.2635297557172557 0.4730541839916839 0.27936590436590436 0.4706178534303534 0.2960141632016632 0.4763026247401247 0.31712902806652804 0.47183601871101866 0.31794113825363823 0.46574519230769224 0.29317177754677753 0.46046647609147606 0.3057594854469854 0.4458484927234927 0.29885654885654883 0.4377273908523908 0.29560810810810806 0.42310940748440745 0.2903293918918919 0.4149883056133056 0.26515397609147606 0.41701858108108103 0.2513481029106029 0.42635784823284817 0.25175415800415796 0.4320426195426195 0.26596608627858626 0.43447895010395005 0.2757114085239085 0.434072895010395 0.269214527027027 0.44178794178794173 0.25256626819126815 0.4450363825363825 0.24160278066528065 0.44544243762993757 0.2074941528066528 0.4446303274428274 0.21155470374220373 0.45356353950103945 0.23673011954261952 0.4568119802494802 0.26434186590436587 0.46046647609147606 0.21723947505197502 0.4730541839916839 0.2058699324324324 0.4836116164241164 0.19165800415800413 0.481987396049896 0.18475506756756754 0.4961993243243243 0.17094919438669437 0.4897024428274428 0.16729469854469853 0.47833290020790015 0.15186460498960497 0.47914501039501034 0.1311557952182952 0.481987396049896 0.1132893711018711 0.47752079002078995 0.09867138773388773 0.47508445945945943 0.08689579002079001 0.4693996881496881 0.06984147609147609 0.464527027027027 0.043041839916839915 0.4624967515592515 0.037357068607068604 0.468993633056133 0.0036544958419958418 0.468993633056133
0 0.52734375 0.5835700757575757 0.4977509469696969 0.5823863636363635 0.4580965909090909 0.5841619318181818 0.4450757575757575 0.5930397727272727 0.40838068181818177 0.586529356060606 0.44744318181818177 0.6036931818181818 0.47407670454545453 0.6173058712121212 0.4841382575757575 0.6107954545454545 0.4640151515151515 0.6031013257575757 0.4586884469696969 0.5971827651515151 0.47940340909090906 0.595999053030303 0.4918323863636363 0.606060606060606 0.5232007575757576 0.6042850378787878 0.5409564393939393 0.5954071969696969
0 0.9977575231481481 0.5515769675925926 0.9724392361111109 0.5542896412037037 0.9480251736111109 0.5579065393518519 0.9245153356481481 0.5533854166666666 0.9245153356481481 0.5316840277777778 0.9407913773148147 0.5199291087962963 0.9118561921296295 0.5217375578703703 0.8991970486111109 0.5099826388888888 0.9190899884259258 0.5045572916666666 0.8991970486111109 0.5027488425925926 0.8747829861111109 0.5190248842592592 0.8521773726851851 0.5244502314814814 0.8621238425925926 0.5316840277777778 0.8756872106481481 0.5289713541666666 0.873878761574074 0.539822048611111 0.8883463541666665 0.5479600694444444 0.872974537037037 0.5533854166666666 0.8277633101851851 0.5416304976851851 0.8286675347222221 0.5524811921296295 0.7861689814814814 0.5425347222222222 0.7608506944444444 0.5506727430555555 0.7545211226851851 0.5542896412037037 0.7807436342592592 0.562427662037037 0.802445023148148 0.562427662037037 0.8132957175925926 0.562427662037037 0.825050636574074 0.5768952546296295 0.8413266782407407 0.5949797453703703 0.8169126157407407 0.586841724537037 0.8196252893518517 0.6103515625 0.848560474537037 0.6076388888888888 0.8557942708333333 0.6230107060185185 0.8395182291666665 0.6392867476851851 0.8223379629629628 0.6465205439814814 0.8440393518518519 0.6564670138888888 0.8440393518518519 0.6682219328703703 0.8042534722222222 0.6754557291666666 0.7680844907407407 0.6754557291666666 0.7382450810185185 0.6682219328703703 0.7943070023148148 0.6908275462962963 0.7789351851851851 0.7007740162037036 0.7499999999999999 0.7251880787037036 0.7400535300925926 0.7514105902777777 0.6948423032407407 0.757740162037037 0.7156394675925926 0.7857711226851851 0.7310112847222222 0.7975260416666666 0.7065972222222222 0.8101851851851851 0.6984592013888888 0.830078125 0.6912254050925926 0.8499710648148148 0.6613859953703703 0.8454499421296295 0.6261212384259258 0.8599175347222222 0.6161747685185185 0.8662471064814814 0.5564959490740741 0.8644386574074073 0.5347945601851851 0.8653428819444444 0.6089409722222222 0.8969907407407407 0.6442057291666666 0.8780020254629629 0.6767578124999999 0.8780020254629629 0.7255859374999999 0.8906611689814814 0.7481915509259258 0.9168836805555555 0.7934027777777777 0.8933738425925926 0.8151041666666666 0.8834273726851851 0.8096788194444444 0.8454499421296295 0.776222511574074 0.8364076967592592 0.7590422453703703 0.8156105324074073 0.7698929398148148 0.8472583912037036 0.7373408564814814 0.8563006365740741 0.7310112847222222 0.8355034722222222 0.7301070601851851 0.8165147569444444 0.7617549189814814 0.8110894097222222 0.7988281249999999 0.8201316550925926 0.8449435763888888 0.8228443287037036 0.873878761574074 0.8228443287037036 0.896484375 0.8291739004629629 0.947120949074074 0.8355034722222222 0.9860026041666665 0.8318865740740741 0.998046875 0.826171875
0 0.7002676504629629 0.6627965856481481 0.6740451388888888 0.6664134837962963 0.6351634837962963 0.6691261574074073 0.6270254629629629 0.6582754629629629 0.6107494212962963 0.661892361111111 0.5926649305555555 0.6401909722222222 0.5601128472222222 0.6483289930555555 0.5366030092592592 0.6338614004629629 0.506763599537037 0.6175853587962963 0.5121889467592592 0.637478298611111 0.49500868055555547 0.6438078703703703 0.5076678240740741 0.6510416666666666 0.5429325810185185 0.6537543402777778 0.555591724537037 0.6655092592592592 0.5962818287037036 0.6591796875 0.6098451967592592 0.6709346064814814 0.5917607060185185 0.684497974537037 0.6225043402777777 0.6962528935185185 0.6342592592592592 0.686306423611111 0.6767578124999999 0.6980613425925926 0.7075014467592592 0.6763599537037036
0 0.994140625 0.855396412037037 0.9778645833333333 0.8861400462962963 0.9534505208333333 0.8906611689814814 0.9317491319444444 0.9006076388888888 0.9118561921296295 0.9177879050925926 0.8594111689814814 0.9214048032407407 0.8114872685185185 0.929542824074074 0.8105830439814814 0.9611906828703703 0.7472873263888888 0.9620949074074073 0.7111183449074073 0.9467230902777777 0.6858000578703703 0.9422019675925926 0.6695240162037036 0.9114583333333333 0.6387803819444444 0.9114583333333333 0.6243127893518517 0.9069372106481481 0.5845269097222222 0.8942780671296295 0.5402199074074073 0.8852358217592592 0.47240306712962954 0.8852358217592592 0.4398509837962963 0.8807146990740741 0.42809606481481477 0.8608217592592592 0.42447916666666663 0.8834273726851851 0.39825665509259256 0.8870442708333333 0.3521412037037037 0.8978949652777777 0.3232060185185185 0.8933738425925926 0.31687644675925924 0.9006076388888888 0.287037037037037 0.9024160879629629 0.26262297453703703 0.9069372106481481 0.24544270833333331 0.9205005787037036 0.26352719907407407 0.928638599537037 0.25900607638888884 0.9440104166666666 0.2373046875 0.9611906828703703 0.20203993055555552 0.9738498263888888 0.2255497685185185 0.9901258680555555 0.2508680555555555 0.9828920717592592 0.25719762731481477 0.9964554398148148 0.998046875 0.99609375
0 0.0039881993006993 0.14409418706293706 0.02925590034965035 0.17141062062937062 0.033353365384615384 0.1809713723776224 0.0511090472027972 0.20487325174825174 0.07774256993006994 0.22740930944055945 0.10027862762237763 0.23970170454545456 0.1050590034965035 0.24653081293706294 0.09140078671328672 0.25335992132867136 0.06954763986013987 0.23765297202797203 0.04837740384615385 0.21716564685314688 0.040182473776223776 0.20077578671328672
