1 0.012903528528528527 0.1589480105105105 0.024047484984984983 0.14604448198198197 0.026980105105105106 0.12786223723723725 0.0609984984984985 0.11906437687687688 0.10792042042042042 0.10440127627627628 0.12375656906906907 0.07096940690690691 0.14604448198198197 0.06451764264264265 0.16070758258258258 0.09384384384384384 0.17888982732732733 0.09149774774774774 0.16246715465465464 0.0633445945945946 0.1513231981981982 0.04047015765765766 0.16070758258258258 0.012903528528528527 0.14076576576576577 0.009384384384384385 0.13020833333333334 0.02522053303303303 0.1313813813813814 0.041643205705705705 0.11026651651651652 0.051027590090090086 0.09970908408408408 0.07742117117117117 0.07742117117117117 0.09384384384384384 0.03636448948948949 0.10440127627627628 0.007624812312312312 0.11143956456456457 0.001759572072072072 0.16891891891891891
0 0.3018465909090909 0.09943181818181818 0.32492897727272724 0.08641098484848485 0.3213778409090909 0.05504261363636363 0.3077651515151515 0.06096117424242424 0.2959280303030303 0.0449810606060606 0.3142755681818182 0.03965435606060606 0.29770359848484845 0.015980113636363636 0.2621922348484848 0.02071496212121212 0.26633522727272724 0.001183712121212121 0.2462121212121212 0.0005918560606060605 0.2462121212121212 0.01124526515151515 0.23378314393939392 0.011837121212121212 0.25804924242424243 0.0420217803030303 0.24502840909090906 0.06096117424242424 0.21839488636363635 0.0870028409090909 0.21425189393939392 0.11126893939393938 0.24325284090909088 0.1308001893939394
0 0.326171875 0.0 0.33558238636363635 0.043205492424242424 0.34919507575757575 0.08285984848484848 0.34919507575757575 0.11186079545454544 0.33025568181818177 0.11008522727272727 0.35156249999999994 0.12902462121212122 0.3799715909090909 0.13020833333333331 0.39417613636363635 0.1231060606060606 0.371685606060606 0.08167613636363635 0.39062499999999994 0.06036931818181818 0.41666666666666663 0.05622632575757575 0.42850378787878785 0.08108428030303029 0.4634232954545454 0.09706439393939394 0.46164772727272724 0.11186079545454544 0.43442234848484845 0.11186079545454544 0.4575047348484848 0.13316761363636362 0.4776278409090909 0.15210700757575757 0.5243844696969696 0.1532907196969697 0.5551609848484848 0.1337594696969697 0.5687736742424242 0.11422821969696968 0.5527935606060606 0.1094933712121212 0.5823863636363635 0.09528882575757575 0.6161221590909091 0.0751657196969697 0.6380208333333333 0.07990056818181818 0.6912878787878788 0.05563446969696969 0.7167376893939393 0.016571969696969696 0.7504734848484848 0.043205492424242424 0.7741477272727272 0.05504261363636363 0.8001893939393939 0.1065340909090909 0.8043323863636364 0.15506628787878787 0.8185369318181818 0.19590435606060605 0.8143939393939393 0.2414772727272727 0.8244554924242423 0.27698863636363635 0.830374053030303 0.23970170454545453 0.8398437499999999 0.21484374999999997 0.8327414772727272 0.17814867424242423 0.8611505681818181 0.2160274621212121 0.8712121212121211 0.23970170454545453 0.8374763257575757 0.244436553030303 0.8433948863636362 0.27107007575757575 0.8723958333333333 0.26041666666666663 0.9019886363636362 0.2805397727272727 0.9125644720873786 0.304346177184466 0.9367415048543689 0.31003489077669905 0.9457486347087378 0.3536483616504854 0.9691024436090225 0.3700657894736842 0.998046875 0.376953125 0.998046875 0.0
0 0.5721442443502824 0.2124161370056497 0.5737994350282486 0.23062323446327684 0.5815236581920904 0.2526924435028249 0.571040783898305 0.2537959039548023 0.554488877118644 0.2697960805084746 0.5423508121468926 0.2841410663841808 0.5235919844632768 0.2576580155367232 0.499315854519774 0.2664856991525424 0.5037296963276836 0.24662341101694915 0.4965572033898305 0.22731285310734464 0.4844191384180791 0.2223472810734463 0.5131091101694916 0.211864406779661 0.515867761299435 0.1964159604519774 0.5478681144067796 0.2035884533898305 0.5561440677966102 0.1975194209039548 0.5412473516949152 0.1820709745762712 0.5754546257062146 0.2013815324858757
0 0.5708748393316195 0.5663560411311054 0.5497871143958869 0.5944730077120822 0.5292014781491002 0.6010001606683805 0.518155526992288 0.617569087403599 0.49706780205655526 0.6356442802056556 0.5000803341902313 0.6632591580976863 0.47397172236503854 0.6722967544987146 0.46694248071979433 0.6883635925449871 0.4493693766066838 0.6803301735218509 0.4493693766066838 0.6707904884318766 0.42878374035989714 0.6743051092544987 0.43782133676092544 0.651711118251928 0.4297879177377892 0.6296192159383033 0.45489235218508994 0.5989918059125964 0.4699550128534704 0.5914604755784062 0.489034383033419 0.618573264781491 0.4960636246786632 0.6245983290488432 0.5020886889460154 0.6140544665809768 0.4925490038560411 0.6140544665809768 0.49154482647814907 0.6040126928020565 0.4799967866323907 0.5904562982005142 0.47045710154241643 0.5789082583547558 0.4523819087403599 0.5763978149100257 0.46895083547557836 0.5512933804627249 0.48100096401028275 0.555310089974293 0.4850176735218509 0.5673602185089974 0.4945573586118252 0.5583226221079691 0.4960636246786632 0.5703727506426735 0.5025907776349614 0.5653518637532133 0.48803020565552696 0.5292014781491002 0.4820051413881748 0.5000803341902313 0.47798843187660667 0.46895083547557836 0.4719633676092545 0.4624236825192802 0.49505944730077117 0.4433443123393316 0.5071095758354756 0.4212524100257069 0.48401349614395883 0.4081981041131105 0.4804988753213367 0.3856041131105398 0.47748634318766064 0.36200594473007713 0.4925490038560411 0.357487146529563 0.5005824228791773 0.3750602506426735 0.5141388174807198 0.3785748714652956 0.5156450835475578 0.39514379820051415 0.5322140102827764 0.40317721722365035 0.5367328084832905 0.38309366966580977 0.5527996465295629 0.36953727506426737 0.5708748393316195 0.37405607326478146 0.5768999035989717 0.35849132390745503 0.588950032133676 0.36200594473007713 0.5989918059125964 0.3730518958868895 0.586439588688946 0.3820894922879177 0.5859375 0.4011688624678663 0.5758957262210797 0.4011688624678663 0.5784061696658097 0.41171272493573263 0.5854354113110539 0.4202482326478149 0.5979876285347043 0.43480880462724936 0.6235941516709511 0.42928582904884316 0.6095356683804627 0.4438464010282776 0.5999959832904884 0.4594111503856041 0.6070252249357326 0.4820051413881748 0.6180711760925449 0.4960636246786632 0.6416693444730077 0.49656571336760924 0.6256025064267352 0.5126325514138818 0.6245983290488432 0.5317119215938303 0.6466902313624678 0.5322140102827764 0.6461881426735219 0.5527996465295629 0.6346401028277635 0.5643476863753213 0.6276108611825193 0.5789082583547558 0.6396609897172236 0.5904562982005142 0.6356442802056556 0.5959792737789202 0.6240962403598972 0.6055189588688946 0.5999959832904884 0.6150586439588689 0.5804145244215938 0.6015022493573264 0.554808001285347 0.6025064267352185
0 0.49675263554216864 0.32803087349397586 0.5066359186746987 0.3110881024096385 0.5120481927710843 0.3334431475903614 0.5292262801204819 0.3350903614457831 0.5238140060240963 0.3110881024096385 0.5104009789156626 0.2934393825301205 0.5099303463855421 0.280261671686747 0.49957643072289154 0.2962631777108434 0.48710466867469876 0.2884977409638554 0.4838102409638554 0.29932228915662645 0.49392884036144574 0.304734563253012 0.47722138554216864 0.31202936746987947 0.4838102409638554 0.33979668674698793 0.49322289156626503 0.35156249999999994 0.5151073042168675 0.3729762801204819 0.5332266566265059 0.3805064006024096 0.5442865210843373 0.3666227409638554 0.5294615963855421 0.35368034638554213 0.5148719879518072 0.34214984939759036
0 0.8341113796133567 0.50836170913884 0.8574527680140597 0.5183161247803163 0.875988576449912 0.547492860281195 0.8825104349736379 0.5420007688927944 0.8746155536028118 0.4994370606326889 0.8811374121265377 0.49669101493848855 0.8725560193321616 0.47334962653778556 0.8454388181019331 0.4754091608084358 0.8234704525483304 0.4757524165202109 0.8255299868189806 0.4606491652021089 0.8087104569420035 0.4730063708260105 0.805277899824253 0.4829607864674868 0.8155755711775043 0.5121375219683655 0.8323951010544814 0.5227784490333919 0.8389169595782073 0.5186593804920914
0 0.6437917594654788 0.6420517817371937 0.6503166759465479 0.6298719376391982 0.6494466870824053 0.6133421492204899 0.6303069320712694 0.6172570991091314 0.6250869988864142 0.6102971881959911 0.6120371659242761 0.6120371659242761 0.6133421492204899 0.6303069320712694 0.597247355233853 0.637701837416481 0.6024672884187082 0.6607565423162584 0.6229120267260578 0.6594515590200445 0.6237820155902004 0.6642364977728284 0.6137771436525612 0.6659764755011136 0.6203020601336302 0.6868562082405345 0.6324819042316258 0.6794613028953229 0.6350918708240534 0.6903361636971046 0.6442267538975501 0.6855512249443206 0.6368318485523385 0.6659764755011136
0 0.6081222160356348 0.7181758073496659 0.6120371659242761 0.7059959632516704 0.6081222160356348 0.6977310690423162 0.6116021714922049 0.6894661748329621 0.5968123608017817 0.6859862193763919 0.5955073775055679 0.7007760300668151 0.5994223273942093 0.7220907572383073
0 0.6936693948412699 0.5836123511904762 0.6897941468253969 0.5677238343253969 0.7033575148809523 0.5630735367063492 0.7064577132936508 0.5743117559523809 0.7238963293650793 0.5615234375 0.7297092013888888 0.5518353174603174 0.732421875 0.5580357142857143 0.7231212797619048 0.5762493799603174 0.7010323660714286 0.5793495783730158
0 0.6324404761904762 0.7343594990079365 0.6184895833333334 0.7378472222222222 0.6219773065476191 0.7281591021825397 0.6227523561507936 0.7180834573412699 0.6332155257936508 0.7145957341269841 0.638640873015873 0.7227337549603174 0.6533668154761905 0.7211836557539683 0.6525917658730158 0.7269965277777778
0 0.19072462248322147 0.8140205536912751 0.2182518875838926 0.8271287751677853 0.24446833053691275 0.8323720637583892 0.2529886744966443 0.8035339765100671 0.24119127516778524 0.7871486996644296 0.2523332634228188 0.791736577181208 0.23988045302013422 0.7583106124161074 0.22939387583892618 0.7714188338926175 0.23267093120805368 0.7864932885906041 0.22546140939597314 0.7884595218120806 0.22087353187919465 0.772074244966443 0.20252202181208054 0.7687971895973155 0.19138003355704697 0.7425807466442953 0.17368393456375839 0.7484794463087249 0.16975146812080538 0.7314387583892618 0.1756501677852349 0.7222630033557047 0.1782718120805369 0.6999790268456376 0.18679215604026847 0.6934249161073825 0.16975146812080538 0.6665530620805369 0.15139995805369127 0.6652422399328859 0.15795406879194632 0.6855599832214765 0.1402579697986577 0.7058777265100671 0.12911598154362416 0.7202967701342282 0.14550125838926176 0.7478240352348994 0.16450817953020133 0.7386482802013423 0.16581900167785235 0.7543781459731543 0.15467701342281878 0.7674863674496645 0.16188653523489932 0.7832162332214765 0.18154886744966442 0.7805945889261745 0.1789272231543624 0.7989460989932886 0.16450817953020133 0.7989460989932886 0.18023804530201343 0.8192638422818792
0 0.939654181985294 0.9112189797794117 0.9260110294117646 0.9112189797794117 0.9188304227941175 0.898293887867647 0.9296013327205882 0.881060431985294 0.9418083639705882 0.8889590992647058 0.9475528492647058 0.9004480698529411
