0 0.7932984983766234 0.2612621753246753 0.7983715503246753 0.2993100649350649 0.7685673701298701 0.28599330357142855 0.7634943181818181 0.27648133116883117 0.7698356331168831 0.2739448051948052 0.7558847402597403 0.25809151785714285 0.7590553977272727 0.2948711444805195 0.7444703733766234 0.30501724837662336 0.7095931412337663 0.27838372564935066 0.6950081168831169 0.2726765422077922 0.7013494318181818 0.25809151785714285 0.740031452922078 0.27774959415584416 0.7406655844155844 0.25492086038961037 0.7343242694805194 0.24731128246753245 0.7184709821428571 0.24857954545454544 0.7140320616883117 0.23653104707792208 0.7241781655844156 0.22067775974025974 0.7133979301948051 0.20355620941558442 0.7438362418831168 0.22701907467532467 0.7685673701298701 0.23716517857142858 0.7755428165584416 0.22638494318181818 0.7952008928571428 0.24160409902597402
0 0.7768110795454545 0.20862926136363635 0.7990056818181818 0.2143364448051948 0.8078835227272727 0.16741071428571427 0.787591314935065 0.17248376623376624 0.7742745535714286 0.196580762987013 0.7533482142857143 0.18136160714285715 0.740031452922078 0.196580762987013 0.7577871347402597 0.22004362824675325 0.7679332386363636 0.21370231331168832
0 0.7292512175324675 0.1369724025974026 0.7634943181818181 0.1357041396103896 0.7603236607142857 0.15028916396103895 0.78125 0.15472808441558442 0.7818841314935064 0.14077719155844157 0.8047128652597403 0.11858258928571429 0.7939326298701298 0.08877840909090909 0.7666649756493507 0.08243709415584416 0.7806158685064934 0.06912033279220779 0.7958350243506493 0.06277901785714285 0.7742745535714286 0.03995028409090909 0.7552506087662337 0.04565746753246753 0.727348823051948 0.040584415584415584 0.6975446428571428 0.04502333603896104 0.6988129058441558 0.07990056818181818 0.7203733766233766 0.0970221185064935
0 0.6804230925324675 0.06341314935064934 0.6766183035714286 0.08180296266233766 0.6816913555194805 0.09385146103896104 0.6747159090909091 0.10907061688311688 0.6658380681818181 0.10653409090909091 0.6645698051948051 0.11350953733766234 0.675984172077922 0.11794845779220779 0.6791548295454545 0.1458502435064935 0.6690087256493507 0.146484375 0.6633015422077921 0.12872869318181818 0.6518871753246753 0.12809456168831168 0.6353997564935064 0.14902090097402598 0.642375202922078 0.15472808441558442 0.627156047077922 0.16424005681818182 0.6113027597402597 0.15789874188311687 0.6005225243506493 0.16233766233766234 0.580864448051948 0.16233766233766234 0.5960836038961039 0.1458502435064935 0.6252536525974026 0.145216112012987 0.637302150974026 0.1255580357142857 0.636033887987013 0.10272930194805195 0.6468141233766234 0.09004667207792208 0.6474482548701298 0.07165685876623376 0.6677404626623377 0.07482751623376623
0 0.5929129464285714 0.19911728896103895 0.5891081574675324 0.20989752435064934 0.5979859983766234 0.2238484172077922 0.588474025974026 0.2435064935064935 0.5789620535714286 0.25048193993506496 0.5713524756493507 0.23653104707792208 0.5688159496753247 0.21750710227272727 0.5561333198051948 0.22194602272727273 0.5529626623376623 0.20101968344155843 0.5732548701298701 0.1972148944805195 0.5745231331168831 0.18136160714285715 0.588474025974026 0.19214184253246752
0 0.5555555555555556 0.00916280864197531 0.5738811728395062 0.01832561728395062 0.5642361111111112 0.03279320987654321 0.5656828703703703 0.05304783950617284 0.543016975308642 0.04870756172839506 0.5285493827160495 0.02652391975308642 0.5073302469135803 0.02652391975308642 0.5078125 0.04870756172839506 0.4885223765432099 0.027970679012345682 0.4711612654320988 0.010609567901234568 0.46730324074074076 0.0019290123456790125 0.5150462962962963 0.0 0.5184220679012346 0.005304783950617284
0 0.759765625 0.3310546875 0.753173828125 0.343505859375 0.766357421875 0.35986328125 0.760986328125 0.364990234375 0.7783203125 0.380859375 0.763916015625 0.379638671875 0.7646484375 0.393798828125 0.74560546875 0.3837890625 0.752685546875 0.3681640625 0.74365234375 0.354248046875 0.735107421875 0.361572265625 0.724853515625 0.349365234375 0.741455078125 0.33447265625 0.74658203125 0.31787109375 0.758544921875 0.315185546875
0 0.687744140625 0.321533203125 0.680908203125 0.310546875 0.673828125 0.322509765625 0.610595703125 0.322998046875 0.609130859375 0.334228515625 0.59033203125 0.3232421875 0.593505859375 0.305908203125 0.587158203125 0.302490234375 0.586181640625 0.2861328125 0.604248046875 0.27783203125 0.61865234375 0.298828125 0.66748046875 0.297119140625 0.68212890625 0.2890625 0.7060546875 0.3212890625
1 0.0 0.21985619469026546 0.031803097345132744 0.23091814159292035 0.059803650442477874 0.23679480088495575 0.08412556475903614 0.247082078313253 0.09747303001876173 0.2664018527204503 0.12458958724202626 0.29388484990619135 0.1319183864915572 0.33419324577861165 0.1392471857410882 0.37963180112570355 0.13521634615384615 0.4067483583489681 0.14840818480300189 0.4045497185741088 0.15133970450281425 0.379265361163227 0.14254514540337712 0.3378576454033771 0.1355827861163227 0.29388484990619135 0.09307575046904315 0.24221681519699811 0.06852427298311445 0.2282920966228893 0.05313379455909944 0.2282920966228893 0.011460880195599023 0.21393643031784843 0.0014326100244498778 0.20868352689486552
1 0.35068469101123595 0.003950140449438202 0.3383953651685393 0.030723314606741572 0.3146945224719101 0.037306882022471906 0.30942766853932585 0.0996313202247191 0.32566713483146065 0.11411516853932584 0.34541783707865165 0.13913272471910113 0.3502457865168539 0.14878862359550563 0.36824087078651685 0.15800561797752807 0.371752106741573 0.17687851123595505 0.3730688202247191 0.19092345505617977 0.36472963483146065 0.1935568820224719 0.35068469101123595 0.16107794943820225 0.3401509831460674 0.15581109550561797 0.31996137640449435 0.12552668539325842 0.3006495786516854 0.11630969101123595 0.26685393258426965 0.12859901685393257 0.24139747191011235 0.15405547752808987 0.22910814606741572 0.1602001404494382 0.23218047752808987 0.14176615168539325 0.25851474719101125 0.12025983146067415 0.2892380617977528 0.10314255617977527 0.2988939606741573 0.042134831460674156 0.2791432584269663 0.026334269662921347 0.27299859550561795 0.003072331460674157 0.28441011235955055 0.00043890449438202246 0.29626053370786515 0.027650983146067416 0.31557233146067415 0.026334269662921347 0.33488412921348315 0.010094803370786517 0.34146769662921345 0.0
1 0.002050524934383202 0.5941395997375328 0.03229576771653543 0.5941395997375328 0.0881725721784777 0.5859375 0.13584727690288714 0.5715838254593176 0.14661253280839895 0.5849122375328084 0.14917568897637795 0.6207964238845144 0.14763779527559054 0.6536048228346457 0.15583989501312337 0.6920521653543307 0.15891568241469817 0.7197342519685039 0.1737819881889764 0.7310121391076115 0.187623031496063 0.7556184383202099 0.1840346128608924 0.78125 0.18044619422572178 0.8217478674540682 0.1865977690288714 0.8237983923884514 0.187623031496063 0.7930405183727034 0.1942872375328084 0.7674089566929134 0.20761564960629922 0.7668963254593176 0.23632299868766404 0.7730479002624672 0.2547777230971129 0.7766363188976377 0.24503772965879264 0.7920152559055118 0.22914616141732283 0.812007874015748 0.22504511154855641 0.8237983923884514 0.21581774934383202 0.8263615485564304 0.21940616797900261 0.8330257545931758 0.25682824803149606 0.7904773622047244 0.28502296587926507 0.7694594816272966 0.3244955708661417 0.7284489829396326 0.33423556430446194 0.7366510826771654 0.3685818569553806 0.72998687664042 0.3639681758530184 0.7207595144356955 0.3367987204724409 0.7284489829396326 0.32859662073490814 0.7233226706036745 0.33731135170603677 0.6930774278215223 0.33269767060367456 0.6556553477690289 0.3311597769028871 0.6536048228346457 0.3260334645669291 0.6623195538057742 0.32398293963254593 0.7110195209973753 0.3152682086614173 0.7279363517060368 0.2952755905511811 0.7371637139107612 0.28040928477690286 0.7658710629921259 0.2614419291338583 0.7750984251968503 0.24862614829396326 0.7535679133858267 0.24247457349081364 0.7597194881889764 0.197875656167979 0.7551058070866141 0.1922367125984252 0.7392142388451444 0.17737040682414698 0.7238353018372703 0.16609251968503938 0.7135826771653543 0.16557988845144356 0.6915395341207349 0.15583989501312337 0.6541174540682415 0.15532726377952755 0.583374343832021 0.14558727034120736 0.5710711942257217 0.16352936351706038 0.5351870078740157 0.17224409448818898 0.532111220472441 0.16557988845144356 0.5228838582677166 0.16199146981627296 0.4916133530183727 0.15122621391076116 0.48084809711286086 0.15891568241469817 0.4716207349081365 0.15378937007874016 0.4567544291338583 0.15122621391076116 0.44291338582677164 0.14712516404199474 0.44240075459317585 0.14353674540682415 0.4787975721784777 0.15122621391076116 0.4982775590551181 0.15225147637795275 0.5177575459317585 0.14251148293963253 0.5300606955380577 0.13892306430446194 0.5464648950131233 0.12764517716535434 0.5582554133858267 0.11277887139107612 0.5567175196850394 0.0994504593175853 0.5613312007874016 0.06202837926509186 0.5710711942257217 0.015891568241469815 0.573121719160105 0.0 0.573121719160105
1 0.14612035170250895 0.9989639336917563 0.1489205309139785 0.9765625 0.160821292562724 0.9499607974910395 0.17762236783154123 0.9065580197132617 0.19232330869175626 0.8785562275985663 0.18742299507168458 0.8533546146953405 0.18392277105734767 0.8386536738351255 0.1909232190860215 0.8456541218637993 0.20702424955197132 0.8449540770609318 0.19442344310035842 0.85615479390681 0.20072384632616488 0.8820564516129032 0.2000238015232975 0.8974574372759857 0.1909232190860215 0.912858422939068 0.18322272625448027 0.9219590053763441 0.179022457437276 0.9464605734767025 0.17272205421146952 0.9639616935483871 0.160821292562724 0.985663082437276 0.1615213373655914 0.9989639336917563
1 0.6948873299319728 0.3321641156462585 0.7165887188208616 0.32773526077097503 0.7219033446712018 0.31976332199546487 0.7077310090702947 0.3157773526077097 0.690015589569161 0.32153486394557823 0.6780576814058956 0.3432362528344671 0.662999574829932 0.35253684807256236 0.6559134070294784 0.3658234126984127 0.6536989795918368 0.39239654195011336 0.6377551020408163 0.41409793083900226 0.6147250566893424 0.4362422052154195 0.6147250566893424 0.45041454081632654 0.6377551020408163 0.4207412131519274 0.6581278344671202 0.4008113662131519 0.6607851473922902 0.3711380385487528
1 0.1795419254658385 0.5222486413043478 0.2113217213114754 0.5347079918032787 0.235106850117096 0.5310487412177985 0.24105313231850115 0.5310487412177985 0.25294569672131145 0.5273894906323184 0.274901200234192 0.5305913348946135 0.33161958430913346 0.551632025761124 0.34031030444964866 0.5530042447306791 0.3307047716627634 0.5758745608899297 0.3343640222482435 0.6385392271662763 0.33253439695550346 0.6472299473067915 0.3416825234192037 0.6399114461358313 0.3384806791569086 0.5772467798594847 0.35128805620608894 0.549344994145199 0.37873243559718966 0.5406542740046838 0.4240156615925058 0.5571209016393442 0.4555766978922716 0.5603227459016393 0.4853081088992974 0.5763319672131146 0.513667300936768 0.5809060304449648 0.5232728337236533 0.5863949063231849 0.549344994145199 0.5777041861826697 0.6325929449648712 0.5818208430913349 0.630966318443804 0.6579836095100864 0.6275891570605187 0.7215868155619596 0.6247748559077809 0.7992615273775215 0.6191462536023055 0.8093930115273775 0.6202719740634005 0.8279673991354466 0.6067633285302594 0.8549846902017291 0.5780574567723342 0.8679304755043227 0.5566687680115273 0.8527332492795389 0.5274000360230547 0.8229016570605187 0.5122028097982708 0.7936329250720461 0.4925027017291066 0.7789985590778098 0.469425432276657 0.7592984510086455 0.46323396974063397 0.7587355907780979 0.4474738832853026 0.7367840417867435 0.44353386167146974 0.7435383645533141 0.4559167867435158 0.7626756123919308 0.4756168948126801 0.7756213976945244 0.5003827449567723 0.7947586455331411 0.5127656700288185 0.803764409221902 0.5189571325648414 0.8257159582132564 0.5380943804034581 0.8499189481268011 0.5510401657060519 0.8696190561959654 0.5718659942363112 0.8741219380403458 0.5668002521613833 0.8983249279538904 0.5639859510086455 0.9107078530259366 0.5806361607142857 0.9284319196428571 0.5987723214285714 0.9361049107142856 0.6050502232142857 0.9472656249999999 0.6183035714285714 0.9416852678571428 0.5945870535714285 0.9214564732142856 0.5827287946428571 0.8998325892857142 0.5827287946428571 0.8879743303571428 0.5862165178571428 0.8698381696428571 0.6036551339285714 0.8705357142857142 0.6238839285714285 0.8503069196428571 0.6329520089285714 0.8265904017857142 0.6336495535714285 0.8049665178571428 0.6399274553571428 0.7659040178571428 0.6378348214285714 0.7219587053571428 0.6441127232142857 0.6780133928571428 0.6566685267857142 0.6549944196428571 0.6587611607142857 0.6431361607142857 0.6476004464285714 0.6298828124999999 0.6476004464285714 0.6110491071428571 0.6420200892857142 0.5887276785714285 0.6629464285714285 0.5650111607142857 0.6985212053571428 0.556640625 0.7431640624999999 0.5517578125 0.7905970982142856 0.5517578125 0.8038504464285714 0.5552455357142857 0.8184988839285714 0.5789620535714285 0.8450055803571428 0.5998883928571428 0.8756975446428571 0.6208147321428571 0.8952287946428571 0.6333705357142857 0.9077845982142856 0.6236049107142857 0.8659319196428571 0.6019810267857142 0.8184988839285714 0.5650111607142857 0.8108258928571428 0.5447823660714285 0.8547712053571428 0.5085100446428571 0.8847656249999999 0.48339843749999994 0.9203404017857142 0.49595424107142855 0.9384765624999999 0.5364118303571428 0.9559151785714285 0.5671037946428571 0.9405691964285713 0.5929129464285714 0.9273158482142856 0.6215122767857142 0.9287109374999999 0.6494140624999999 0.9231305803571428 0.6682477678571428 0.9175502232142856 0.6787109374999999 0.9175502232142856 0.7073102678571428 0.9001116071428571 0.7282366071428571 0.8861607142857142 0.7442801339285714 0.8840680803571428 0.7756696428571428 0.8854631696428571 0.8140345982142856 0.8945312499999999 0.8510044642857142 0.8945312499999999 0.9019252232142856 0.8882533482142856 0.9200613839285713 0.8945312499999999 0.9556361607142856 0.8994140624999999 0.9821428571428571 0.8987165178571428 0.9974888392857142 0.9063895089285713 0.9981863839285713 0.9098772321428571 0.9821428571428571 0.9049944196428571 0.9430803571428571 0.9098772321428571 0.9109933035714285 0.9063895089285713 0.8600725446428571 0.8980189732142856 0.7679966517857142 0.9105747767857142 0.7289341517857142 0.9335937499999999 0.7114955357142857 0.9677734374999999 0.6919642857142857 0.978236607142857 0.6933593749999999 0.9761439732142856 0.6870814732142857 0.9356863839285713 0.6996372767857142 0.9342912946428571 0.6759207589285714 0.9405691964285713 0.6563895089285714 0.9468470982142856 0.6005859374999999 0.9656808035714285 0.5587332589285714 0.9656808035714285 0.5364118303571428 0.9503348214285713 0.4987444196428571 0.9210379464285713 0.48479352678571425 0.8959263392857142 0.4729352678571428 0.8680245535714285 0.4729352678571428 0.8568638392857142 0.49316406249999994 0.8122209821428571 0.5315290178571428 0.7885044642857142 0.5419921875 0.7529296874999999 0.5385044642857142 0.7159598214285714 0.5440848214285714 0.6713169642857142 0.5454799107142857 0.6378348214285714 0.5678013392857142 0.6266741071428571 0.5671037946428571 0.6169084821428571 0.5392020089285714 0.6190011160714285 0.5650111607142857 0.5945870535714285 0.5671037946428571 0.5687779017857142 0.5629185267857142 0.5450613839285714 0.5629185267857142 0.5227399553571428 0.5698939732142857 0.5059988839285714 0.5573381696428571 0.4899553571428571 0.5608258928571428 0.47112165178571425 0.5573381696428571 0.45786830357142855 0.5475725446428571 0.4292689732142857 0.5426897321428571 0.4006696428571428 0.5322265625 0.37974330357142855 0.5126953125 0.37974330357142855 0.5029296875 0.3664899553571428 0.5022321428571428 0.3664899553571428 0.5161830357142857 0.3811383928571428 0.5252511160714285 0.3664899553571428 0.5308314732142857 0.34207589285714285 0.5308314732142857 0.3434709821428571 0.5364118303571428 0.33091517857142855 0.5398995535714285 0.30510602678571425 0.52734375 0.27580915178571425 0.517578125 0.2423270089285714 0.5210658482142857 0.20605468749999997 0.5224609375 0.18582589285714285 0.517578125
1 0.3550561179577465 0.45595840669014087 0.3805017605633803 0.4903444102112676 0.3591824383802817 0.49447073063380287 0.35368067781690143 0.47934088908450706 0.35574383802816906 0.4759022887323944 0.34611575704225356 0.46008472711267606 0.34267715669014087 0.4449548855633803
