0 0.12726244343891402 0.3132953902714932 0.12284360859728508 0.32124929298642535 0.13212316176470587 0.34555288461538464 0.12195984162895927 0.35262302036199095 0.11356405542986425 0.3561580882352941 0.1082614536199095 0.3415759332579186 0.11621535633484163 0.339808399321267 0.11002898755656108 0.3296450791855204 0.09986566742081449 0.3247843608597285 0.10163320135746606 0.3053414875565611 0.11798289027149321 0.29915511877828055
0 0.12443387681159418 0.5123414855072463 0.1046195652173913 0.4889889039855072 0.11452672101449274 0.46846693840579706 0.11098845108695651 0.4521908967391304 0.14070991847826086 0.43662250905797095 0.1492017663043478 0.46563632246376807 0.1626471920289855 0.4649286684782608 0.16547780797101447 0.49252717391304346 0.16477015398550723 0.5194180253623188 0.1859997735507246 0.5264945652173912 0.21006000905797098 0.5180027173913043 0.1916610054347826 0.5434782608695652 0.19519927536231882 0.5682461503623188 0.16477015398550723 0.5533854166666666 0.1548629981884058 0.5378170289855072 0.1428328804347826 0.5505548007246376 0.12867980072463767 0.534278759057971
0 0.21315586419753088 0.36940586419753085 0.21846064814814817 0.3592785493827161 0.21267361111111113 0.3404706790123457 0.2025462962962963 0.33082561728395066 0.2295524691358025 0.33805941358024694 0.2498070987654321 0.3395061728395062 0.25896990740740744 0.3404706790123457 0.2642746913580247 0.3226273148148148 0.2662037037037037 0.3452932098765432 0.26668595679012347 0.36651234567901236 0.2623456790123457 0.36747685185185186 0.2642746913580247 0.3800154320987654 0.24932484567901236 0.38580246913580246 0.24450231481481483 0.4031635802469136 0.24884259259259262 0.41811342592592593 0.22714120370370372 0.4470486111111111 0.21942515432098766 0.43065200617283955 0.19772376543209877 0.425829475308642 0.20109953703703703 0.40653935185185186 0.2088155864197531 0.4041280864197531 0.19675925925925927 0.3819444444444445 0.17939814814814817 0.4050925925925926 0.1605902777777778 0.3959297839506173 0.14515817901234568 0.38821373456790126 0.16203703703703703 0.35976080246913583 0.17409336419753088 0.3703703703703704 0.18759645061728397 0.3525270061728395 0.20495756172839508 0.35879629629629634 0.1986882716049383 0.37278163580246915
0 0.2122961956521739 0.13702754446640314 0.2204020503952569 0.12428977272727272 0.21692811264822132 0.07990056818181818 0.23391180830039524 0.07874258893280632 0.24973752470355728 0.1285356966403162 0.24896553853754938 0.1455193922924901 0.2632472826086956 0.13123764822134387 0.2883368330039525 0.13355360671936758 0.26479125494071143 0.15980113636363635 0.23854372529644266 0.1659770256916996 0.219630064229249 0.18180274209486164 0.19569849308300394 0.16288908102766797 0.19145256916996045 0.15439723320158102
1 0.2599448973429952 0.7383189915458938 0.2396588164251208 0.7420931461352658 0.21276796497584544 0.7496414553140097 0.19295365338164253 0.7449237620772947 0.18634888285024157 0.7463390700483092 0.14672025966183577 0.7340730676328503 0.10850694444444445 0.7463390700483092 0.06368885869565218 0.7463390700483092 0.038213315217391304 0.7369036835748792 0.030193236714975848 0.7189764492753624 0.010850694444444446 0.7057669082125605 0.002830615942028986 0.704351600241546 0.004717693236714976 0.6953879830917875 0.017455464975845412 0.700577445652174 0.03443916062801933 0.710012832125604 0.048592240338164255 0.7298271437198068 0.06982185990338165 0.7402060688405798 0.1179423309178744 0.7369036835748792 0.14011548913043478 0.7279400664251209 0.15521210748792272 0.7269965277777778 0.1967278079710145 0.7378472222222223 0.21465504227053142 0.7420931461352658 0.24720712560386476 0.7321859903381643 0.26136020531400966 0.7317142210144928
1 0.2608287183544304 0.9604924841772151 0.26577333860759494 0.9481309335443038 0.2676275712025316 0.9308247626582278 0.27937104430379744 0.9085739715189873 0.27504450158227844 0.8931220332278481 0.28740605221518983 0.8560373813291139 0.2867879746835443 0.8226611946202531 0.2744264240506329 0.7985561708860759 0.2682456487341772 0.7583811313291139 0.27257219145569617 0.7503461234177214 0.26948180379746833 0.7293314873417721 0.2577383306962025 0.7015179984177214 0.25155755537974683 0.6718502768987341 0.24661293512658228 0.6403283227848101 0.25588409810126583 0.6013894382911392 0.2682456487341772 0.6032436708860759 0.26144679588607594 0.6316752373417721 0.2595925632911392 0.6594887262658228 0.2663914161392405 0.7027541534810127 0.2824614319620253 0.7416930379746836 0.27813488924050633 0.7620895965189873 0.28926028481012656 0.7991742484177214 0.2911145174050633 0.8140081091772151 0.30162183544303794 0.857273536392405 0.28555181962025317 0.8912678006329113 0.2904964398734177 0.9116643591772151 0.2948229825949367 0.9258801424050632 0.2861698971518987 0.9388597705696202 0.26948180379746833 0.9648190268987341 0.2608287183544304 0.9728540348101266
1 0.5210393591772151 0.8597458465189873 0.5624505537974683 0.8510927610759493 0.626112539556962 0.8399673655063291 0.639092167721519 0.861600079113924 0.6471271756329113 0.8739616297468354 0.6718502768987341 0.8826147151898733 0.6761768196202531 0.8986847310126582 0.6817395174050632 0.9178451344936709 0.7076987737341772 0.9339151503164557 0.7262410996835442 0.9382416930379747 0.7577630537974683 0.9512213212025316 0.7627076740506329 0.9487490110759493 0.7472557357594937 0.9419501582278481 0.7206784018987341 0.9295886075949367 0.7002818433544303 0.9252620648734177 0.6842118275316456 0.9054835838607594 0.6817395174050632 0.8863231803797468 0.661961036392405 0.8646904667721519 0.6514537183544303 0.8646904667721519 0.6384740901898734 0.8319323575949367 0.6545441060126582 0.8047369462025316 0.661961036392405 0.7793957674050632 0.6737045094936709 0.7657980617088608 0.6860660601265822 0.7559088212025317 0.7114072389240506 0.750964200949367 0.7175880142405063 0.7379845727848101 0.7311857199367088 0.732421875 0.7386026503164557 0.7126433939873418 0.7546726661392404 0.7070806962025317 0.7806319224683544 0.7163518591772151 0.7899030854430379 0.7212964794303797 0.7849584651898733 0.7076987737341772 0.7571449762658228 0.7015179984177214 0.7559088212025317 0.6563983386075949 0.7435472705696202 0.6149871439873418 0.732421875 0.6026255933544303 0.715115704113924 0.5340189873417721 0.7083168512658228 0.4821004746835443 0.7058445411392404 0.4511965981012658 0.6971914556962026 0.44996044303797467 0.6922468354430379 0.4227650316455696 0.6947191455696202 0.4196746439873418 0.6860660601265822 0.4104034810126582 0.6916287579113923 0.4005142405063291 0.7206784018987341 0.40793117088607594 0.7398388053797468 0.39556962025316456 0.7571449762658228 0.3739369066455696 0.7738330696202531 0.3677561313291139 0.7589992088607594 0.3541584256329114 0.7386026503164557 0.3399426424050633 0.736748417721519 0.3720826740506329 0.7138795490506329 0.3881526898734177 0.6786491297468354 0.3986600079113924 0.6409464003164557 0.3986600079113924 0.617459454113924 0.3998961629746835 0.5927363528481012 0.4066950158227848 0.5624505537974683 0.40978540348101267 0.5556517009493671 0.4209107990506329 0.5259839794303798 0.42214695411392406 0.5142405063291139 0.42338310917721517 0.5117681962025317 0.40360462816455694 0.4858089398734177 0.37022844145569617 0.4505785205696202 0.3560126582278481 0.4141119462025316 0.34797765031645567 0.38938884493670883 0.328817246835443 0.377645371835443 0.31212915348101267 0.37270075158227844 0.2898783623417721 0.37146459651898733 0.2509394778481013 0.3597211234177215 0.23116099683544303 0.3696103639240506 0.20272943037974683 0.3764092167721519 0.17182555379746833 0.39804193037974683 0.1588459256329114 0.42029272151898733 0.13721321202531644 0.4530508306962025 0.12794204905063292 0.46664853639240506 0.11063587816455696 0.4252373417721519 0.12114319620253164 0.40360462816455694 0.13906744462025317 0.3794996044303797 0.15390130537974683 0.3615753560126582 0.14772053006329114 0.3455053401898734 0.11743473101265822 0.32696301424050633 0.10445510284810126 0.30471222310126583 0.09951048259493671 0.29605913765822783 0.10816356803797468 0.3096568433544304 0.11619857594936708 0.32572685917721517 0.11743473101265822 0.34056071993670883 0.14092167721518986 0.36033920094936706 0.16564477848101264 0.3578668908227848 0.19902096518987342 0.34674149525316456 0.22436214398734175 0.3541584256329114 0.25155755537974683 0.3560126582278481 0.30038568037974683 0.35106803797468356 0.31151107594936706 0.37146459651898733 0.328817246835443 0.36095727848101267 0.333143789556962 0.4085492484177215 0.36342958860759494 0.4697389240506329 0.37579113924050633 0.5037331882911392 0.41596617879746833 0.5031151107594937 0.43450850474683544 0.5364912974683544 0.43450850474683544 0.5760482594936709 0.42214695411392406 0.617459454113924 0.4147300237341772 0.6730864319620253 0.4060769382911392 0.6638152689873418 0.42585541930379744 0.68359375 0.45366890822784806 0.6854479825949367 0.47097507911392406 0.6965733781645569 0.5191851265822784 0.6941010680379747 0.5334009098101266 0.7095530063291139 0.5840832674050632 0.6885383702531646 0.5970628955696202 0.6520717958860759 0.6038617484177214 0.6310571598101266 0.6137509889240506 0.5995352056962026 0.6199317642405063 0.5649228639240506 0.6199317642405063 0.5562697784810127 0.6236402294303797 0.568631329113924 0.6279667721518987 0.5853194224683544 0.6292029272151899 0.626112539556962 0.6230221518987341 0.6570164161392404 0.6106606012658228 0.6786491297468354 0.608806368670886 0.7138795490506329 0.6001532832278481 0.7348941851265822 0.6570164161392404 0.7361303401898733 0.6978095332278481 0.715115704113924 0.7287134098101266 0.7008999208860759 0.7454015031645569 0.670614121835443 0.7484918908227848 0.6594887262658228 0.7657980617088608 0.643418710443038 0.7942296281645569 0.6273486946202531 0.8220431170886076 0.6044798259493671 0.8306962025316456 0.5661590189873418 0.8374950553797468 0.5228935917721519 0.848620450949367 0.5204212816455696 0.830078125 0.5160947389240506 0.804118868670886 0.5006428006329113 0.7738330696202531 0.4919897151898734 0.7620895965189873 0.49260779272151894 0.7398388053797468 0.4876631724683544 0.776923457278481 0.49878856803797467 0.7973200158227848 0.5099139636075949 0.8306962025316456 0.5136224287974683 0.8560373813291139 0.5043512658227848 0.8721073971518987 0.48024624208860756 0.8887954905063291 0.45614121835443033 0.8943581882911392 0.435126582278481 0.8980666534810127 0.4184384889240506 0.9116643591772151 0.4184384889240506 0.9252620648734177 0.43141811708860756 0.9098101265822784 0.45614121835443033 0.9048655063291139 0.48333662974683544 0.8937401107594937 0.5173308939873418 0.8690170094936709
1 0.7145209194214877 0.25907153925619836 0.7250129132231405 0.25100077479338845 0.7290482954545455 0.17997804752066116 0.7371190599173554 0.17352143595041322 0.7282412190082644 0.14930914256198347 0.7153279958677686 0.18562758264462811 0.7096784607438017 0.24857954545454547 0.7016076962809917 0.2622998450413223 0.7161350723140496 0.2840909090909091 0.7258199896694215 0.2832838326446281
1 0.8082178347280334 0.15404354079497906 0.7877876569037656 0.13933381276150628 0.7747123430962343 0.1315703451882845 0.7563251830543932 0.13116174163179917 0.7326261767782426 0.1381080020920502 0.7244541056485355 0.1307531380753138 0.7338519874476988 0.12421548117154811 0.7747123430962343 0.12217246338912133 0.7910564853556485 0.13034453451882844 0.7955511244769874 0.11440899581589957 0.8012715742677824 0.13197894874476987 0.8094436453974895 0.14464565899581588 0.8196587343096234 0.14464565899581588 0.8261963912133891 0.1520005230125523
1 0.8343684623430961 0.1683446652719665 0.8290566161087866 0.16221561192468617 0.8310996338912133 0.15690376569037656 0.8413147228033472 0.1638500261506276
1 0.9987700437317784 0.22890852769679298 0.9885204081632653 0.24200528425655976 0.9879509839650146 0.2328944970845481 0.9930758017492711 0.22776967930029154 0.9754236516034985 0.23004737609329445 0.9822567419825072 0.2112563775510204 0.9902286807580174 0.21865889212827988 0.9987700437317784 0.2152423469387755
1 0.9811178935860058 0.5107735058309038 0.9885204081632653 0.503940415451895 0.989089832361516 0.4840105685131195 0.9919369533527697 0.4823022959183673 0.9845344387755102 0.4663584183673469 0.982826166180758 0.43731778425655976 0.989089832361516 0.424221027696793 0.9873815597667638 0.4139713921282799 0.9913675291545189 0.390625 0.9907981049562682 0.37240342565597667 0.9748542274052477 0.3934721209912536 0.9720071064139941 0.430484693877551 0.968021137026239 0.4390260568513119 0.9497995626822157 0.4344706632653061 0.9452441690962099 0.44130375364431484 0.968021137026239 0.4521228134110787 0.9725765306122448 0.4714832361516035 0.9822567419825072 0.4794551749271137
1 0.7823921783625731 0.9948373538011697 0.791529605263158 0.9788468567251463 0.809233369883041 0.9657118055555556 0.8240816885964912 0.9308753654970761 0.8337902046783626 0.8897569444444444 0.86234466374269 0.8520650584795322 0.8777640716374269 0.8457830774853802 0.8977521929824561 0.86234466374269 0.9126005116959065 0.8948967470760234 0.9205957602339181 0.8863304093567251 0.913171600877193 0.8743375365497076 0.9074607090643275 0.856062682748538 0.8937545687134503 0.8395010964912281 0.8760508040935673 0.8360745614035088 0.8823327850877193 0.8103755482456141 0.8886147660818714 0.8058068347953217 0.8920413011695907 0.769828216374269 0.8960389254385965 0.7606907894736842 0.8829038742690059 0.7595486111111112 0.8811906067251463 0.7726836622807017 0.8697688230994153 0.763546235380117 0.8657711988304094 0.774968019005848 0.8749086257309941 0.786389802631579 0.8760508040935673 0.8058068347953217 0.8640579312865497 0.8412143640350878 0.8395010964912281 0.8680555555555556 0.8160864400584795 0.8977521929824561 0.8126599049707602 0.9371573464912281 0.7921006944444444 0.9645696271929824 0.7726836622807017 0.9845577485380117
1 0.9505874360613811 0.9276094948849104 0.9351023017902813 0.9116248401534527 0.9266104539641944 0.8981377877237852 0.9465912723785166 0.9036325127877237 0.9550831202046035 0.9146219629156009 0.959079283887468 0.9351023017902813
1 0.9691298890063424 0.5632267441860465 0.9579809725158561 0.5813953488372092 0.9616972780126849 0.6169067124735729 0.9670652748414376 0.6400303911205073 0.9955569503171247 0.6478759249471459 0.9563292811839322 0.645811310782241 0.945180364693446 0.6672832980972515 0.9340314482029598 0.6594377642706131 0.9513742071881606 0.6363140856236786 0.9513742071881606 0.5954347251585623 0.9493095930232557 0.5772661205073996
1 0.032821108815427 0.10169163223140495 0.04304407713498623 0.07102272727272728 0.03443526170798898 0.06510416666666667 0.023674242424242424 0.0946969696969697 0.024212293388429753 0.10169163223140495 0.01775568181818182 0.1178331611570248
1 0.05488119834710744 0.0559573002754821 0.07694128787878789 0.038201618457300274 0.10007747933884298 0.03013085399449036 0.12859418044077137 0.02690254820936639 0.16840995179063362 0.01775568181818182 0.10491993801652894 0.013989325068870524 0.08016959366391185 0.024212293388429753 0.04788653581267218 0.045734331955922865 0.0005380509641873278 0.038739669421487606 0.0016141528925619835 0.049500688705234164 0.04142992424242424 0.061875860881542705
2 0.0 0.9992648754612546 0.005044972324723247 0.997823454797048 0.0032431964944649445 0.9293559732472325 0.004684617158671587 0.9153021217712177 0.007567458487084871 0.899086139298893 0.0010810654981549817 0.8767441190036901
2 0.0021621309963099633 0.6915215636531366 0.012612430811808118 0.6691795433579336 0.0036035516605166054 0.6407114852398524 0.00684674815498155 0.6035949031365314 0.0032431964944649445 0.5837753690036901 0.009729589483394835 0.5527848247232472 0.0021621309963099633 0.505217942804428 0.0 0.5034161669741698
2 0.0018017758302583027 0.25224861623616235 0.009729589483394835 0.21981665129151293 0.0036035516605166054 0.19315036900369004 0.006126037822878229 0.13657460793357934 0.012612430811808118 0.12936750461254612 0.010450299815498155 0.11567400830258302 0.0010810654981549817 0.09909767066420665
2 0.0018017758302583027 0.033152675276752766 0.011891720479704796 0.006486392988929889 0.0003603551660516605 0.0021621309963099633
