0 0.39191419141914186 0.9540016501650164 0.41060746699669964 0.9701165429042904 0.389980404290429 0.9849422442244223 0.3680641501650165 0.9804300742574257 0.32938840759075905 0.9784962871287128 0.32809921617161714 0.9888098184818481 0.3119843234323432 0.9623813943894388 0.3029599834983498 0.960447607260726 0.3048937706270627 0.9365975660066006 0.3384127475247524 0.92950701320132 0.3738655115511551 0.9082353547854785 0.3693533415841584 0.9353083745874586 0.3874020214521452 0.9230610561056105 0.3841790429042904 0.9121029290429042 0.4035169141914191 0.9185488861386137 0.41640882838283827 0.9146813118811881 0.4080290841584158 0.901144801980198 0.42349938118811875 0.9050123762376237 0.44283725247524747 0.8953434405940593 0.44799401815181517 0.9024339933993398 0.45508457095709565 0.901789397689769 0.44348184818481845 0.8805177392739273 0.45895214521452143 0.8721379950495048 0.44219265676567654 0.8547339108910891 0.45379537953795374 0.8515109323432343 0.44219265676567654 0.8334622524752474 0.4157642326732673 0.8212149339933993 0.4183426155115511 0.7980094884488448 0.45508457095709565 0.779960808580858 0.47635622937293726 0.7889851485148515 0.47506703795379535 0.8012324669966996 0.4840913778877887 0.809612211221122 0.4989170792079208 0.8173473597359735 0.48666976072607254 0.780605404290429 0.5008508663366337 0.779960808580858 0.5072968234323432 0.7509540016501649 0.5214779290429042 0.7632013201320131 0.5440387788778878 0.7490202145214521 0.5517739273927392 0.7148566419141914 0.5936726485148515 0.6935849834983497 0.6413727310231022 0.7528877887788779 0.630414603960396 0.7677134900990098 0.6465294966996699 0.7831837871287128 0.6181672854785478 0.7980094884488448 0.6026969884488448 0.8656920379537953 0.6387943481848184 0.8946988448844884 0.6252578382838283 0.9243502475247524 0.5949618399339933 0.9237056518151815 0.5891604785478547 0.9423989273927392 0.6014077970297029 0.944977310231023 0.5717563943894389 0.9623813943894388 0.5678888201320131 0.9784962871287128 0.5736901815181518 0.9862314356435643 0.5872266914191419 0.9804300742574257 0.5820699257425742 0.9978341584158416 0.41189665841584155 0.9991233498349834 0.4189872112211221 0.9797854785478547 0.4363912953795379 0.9681827557755774 0.4157642326732673 0.9623813943894388 0.4028723184818482 0.9462665016501649 0.45830754950495045 0.9224164603960395 0.45379537953795374 0.9114583333333333 0.4035169141914191 0.931440800330033
0 0.6161077235772358 0.9776211043360433 0.6028751693766937 0.9596248306233063 0.6118733062330624 0.938452743902439 0.625635162601626 0.950097391598916 0.6526295731707317 0.9347476287262872 0.6521002710027101 0.9559197154471545 0.6663914295392954 0.9448043699186992 0.6610984078590786 0.9823848238482384 0.6330453929539296 0.9876778455284553
0 0.6891514227642277 0.9765625 0.6923272357723578 0.9691522696476965 0.6775067750677507 0.9691522696476965 0.6759188685636857 0.9548611111111112 0.7224974593495935 0.9590955284552846 0.6976202574525745 0.986619241192412 0.6838584010840109 0.9855606368563686 0.6775067750677507 0.9770918021680217
0 0.3165003765060241 0.02941453313253012 0.3114018574297189 0.053338353413654616 0.300812625502008 0.050592996987951805 0.29296875 0.011373619477911646 0.30865650100401604 0.018433107429718872 0.31100966365461846 0.008236069277108434 0.3286583835341365 0.02745356425702811
0 0.38238893072289154 0.020786270080321283 0.3737606676706827 0.018825301204819275 0.3714075050200803 0.0 0.4329819277108433 0.0011765813253012047 0.45651355421686746 0.034120858433734934 0.4965173192771084 0.04549447791164658 0.5027924196787148 0.05882906626506024 0.5133816516064257 0.06000564759036144 0.5106362951807228 0.07255584839357429 0.5200489457831324 0.08628263052208834 0.5188723644578312 0.07373242971887549 0.5267162399598393 0.06784952309236947 0.5251474648594378 0.038827183734939756 0.5208333333333333 0.03451305220883534 0.5169113955823292 0.038827183734939756 0.49808609437751 0.02941453313253012 0.48553589357429716 0.028630145582329316 0.5024002259036144 0.009412650602409638 0.5012236445783133 0.0015687751004016062 0.5761326556224899 0.0007843875502008031 0.5694653614457831 0.010981425702811244 0.5894672439759036 0.01921749497991968 0.5788780120481927 0.028237951807228913 0.5902516315261044 0.03765060240963855 0.5690731676706827 0.051377384538152604 0.5631902610441767 0.06196661646586345 0.5698575552208834 0.06706513554216867 0.5659356174698794 0.07686997991967871 0.555738579317269 0.0753012048192771 0.5608370983935742 0.0992250251004016 0.5408352158634537 0.11216741967871485 0.5165192018072289 0.10981425702811244 0.513773845381526 0.11765813253012047 0.5490712851405622 0.1227566516064257 0.5439727660642569 0.13177710843373494 0.5416196034136546 0.13216930220883533 0.5427961847389557 0.14158195281124497 0.5290694026104418 0.13922879016064255 0.5176957831325301 0.12707078313253012 0.4996548694779116 0.1282473644578313 0.47651543674698793 0.10863767570281123 0.46827936746987947 0.11491277610441766 0.4537681977911646 0.08236069277108433 0.42709902108433734 0.07137926706827309 0.3921937751004016 0.06000564759036144 0.3796435742971887 0.07020268574297188 0.36709337349397586 0.05451493473895582
0 0.5644100701402806 0.25010959418837675 0.5694983717434869 0.23210483466933868 0.556190506012024 0.21683992985971942 0.5518850200400801 0.20862036573146292 0.5483623496993988 0.22271104709418837 0.5295747745490982 0.22075400801603207 0.5370115230460921 0.2391501753507014 0.5460139028056112 0.2348446893787575 0.54562249498998 0.24971818637274548 0.5366201152304609 0.25715493486973945 0.550319388777555 0.2622432364729459
0 0.618815756513026 0.17574210921843686 0.6250782815631263 0.16517409819639278 0.6227298346693386 0.16204283567134267 0.6254696893787575 0.14873496993987975 0.6152930861723447 0.15578031062124248 0.5980711422845691 0.15264904809619237 0.6012024048096192 0.16634832164328656 0.5910258016032064 0.1710452154308617 0.5933742484969939 0.18865856713426854 0.6109876002004008 0.18513589679358716 0.6223384268537074 0.20000939378757515 0.627818136272545 0.1953125
0 0.6556080911823647 0.18552730460921843 0.6877035320641283 0.1941382765531062 0.6943574649298597 0.20392347194388777 0.7006199899799599 0.1933554609218437 0.7123622244488977 0.18004759519038074 0.7072739228456913 0.16556550601202405 0.6818324148296593 0.1608686122244489 0.7025770290581163 0.1471693386773547 0.693183241482966 0.13151302605210421 0.6399517785571142 0.13738414328657314 0.6415174098196392 0.16517409819639278 0.6567823146292585 0.16673972945891782
0 0.6489541583166333 0.25010959418837675 0.6563909068136272 0.2399329909819639 0.648562750501002 0.22505949398797595 0.6661761022044088 0.23523609719438876 0.6806581913827655 0.23875876753507014 0.6700901803607214 0.22466808617234468 0.6869207164328657 0.21449148296593185 0.6877035320641283 0.2297563877755511 0.6974887274549098 0.2285821643286573 0.7049254759519038 0.21018599699398796 0.7178419338677354 0.21605711422845691 0.7088395541082164 0.23132201903807614 0.687312124248497 0.2348446893787575 0.687312124248497 0.24267284569138275 0.70375125250501 0.24697833166332664 0.711188001002004 0.23875876753507014 0.7143192635270541 0.24502129258517033 0.70688251503006 0.25519789579158314 0.7107965931863727 0.28377066633266534 0.6853550851703406 0.2657659068136272 0.6884863476953907 0.28142221943887774 0.6669589178356713 0.28337925851703405 0.6622620240480962 0.27633391783567135 0.6450400801603207 0.2673315380761523 0.6379947394789579 0.26850576152304606 0.6313408066132264 0.24932677855711421 0.6430830410821643 0.2454127004008016 0.6458228957915831 0.26146042084168336 0.6673503256513026 0.27202843186372744 0.6720472194388777 0.2512838176352705
1 0.00126415857605178 0.13589704692556634 0.02149069579288026 0.13526496763754045 0.03033980582524272 0.1447461569579288 0.03602851941747573 0.19088794498381878 0.02338693365695793 0.22502022653721684 0.02591525080906149 0.2610487459546926 0.03729267799352751 0.27558656957928807 0.03666059870550162 0.24903923948220066 0.03602851941747573 0.2142748786407767 0.04867010517799353 0.20036913430420714 0.061311690938511326 0.21301072006472493 0.06067961165048544 0.24398260517799353 0.0758495145631068 0.269897855987055 0.09228357605177993 0.2692657766990291 0.08659486245954692 0.28822815533980584 0.05751921521035599 0.28253944174757284 0.07395327669902912 0.3084546925566343 0.09038733818770227 0.3248887540453075 0.11061387540453074 0.36723806634304207 0.11883090614886732 0.3748230177993528 0.10682139967637541 0.40705906148867316 0.09101941747572816 0.45193669093851135 0.08343446601941748 0.4898614482200647 0.02022653721682848 0.4449838187702266 0.01200950647249191 0.43866302588996764 0.00189623786407767 0.4399271844660194 0.00189623786407767 0.45320084951456313 0.07774575242718447 0.4993426375404531 0.0821703074433657 0.5075596682847897 0.09354773462783172 0.5050313511326862 0.10555724110032363 0.4645782766990291 0.10934971682847897 0.43360639158576053 0.12135922330097088 0.41401193365695793 0.1251516990291262 0.39252123786407767 0.1573877427184466 0.373558859223301 0.19152002427184467 0.3798796521035599 0.23134101941747573 0.37608717637540456 0.27685072815533984 0.37229470064724923 0.2970772653721683 0.3343699433656958 0.30150182038834955 0.310350930420712 0.27621864886731395 0.3495398462783172 0.2395580501618123 0.3501719255663431 0.21174656148867316 0.3590210355987055 0.18140675566343042 0.35712479773462785 0.15296318770226539 0.35080400485436897 0.1251516990291262 0.36154935275080907 0.10682139967637541 0.33184162621359226 0.10050060679611651 0.30213389967637544 0.10808555825242719 0.28127528317152106 0.10492516181229775 0.26168082524271846 0.0884911003236246 0.25219963592233013 0.07900991100323625 0.2205956715210356 0.06763248381877023 0.1946804207119741 0.04550970873786408 0.16686893203883496 0.04171723300970874 0.12894417475728157 0.06067961165048544 0.09986852750809062 0.06826456310679611 0.07079288025889968 0.09228357605177993 0.03666059870550162 0.09923644822006474 0.00126415857605178 0.08785902103559871 0.00063207928802589 0.0821703074433657 0.03097188511326861 0.05562297734627832 0.04867010517799353 0.049302184466019416 0.08912317961165049 0.03666059870550162 0.11251011326860842 0.00063207928802589 0.1251516990291262
1 0.4832175925925926 0.017361111111111112 0.47164351851851855 0.009645061728395063 0.4422260802469136 0.04677854938271605 0.41280864197530864 0.07040895061728396 0.380979938271605 0.10561342592592593 0.349633487654321 0.1316550925925926 0.347704475308642 0.17554012345679013 0.33468364197530864 0.2015817901234568 0.33082561728395066 0.22569444444444445 0.31925154320987653 0.2469135802469136 0.308641975308642 0.2652391975308642 0.31008873456790126 0.2970679012345679 0.3375771604938272 0.30767746913580246 0.3636188271604938 0.32841435185185186 0.38580246913580246 0.3515625 0.4079861111111111 0.3660300925925926 0.4123263888888889 0.3800154320987654 0.43258101851851855 0.3915895061728395 0.43451003086419754 0.41521990740740744 0.4470486111111111 0.42293595679012347 0.4841820987654321 0.4190779320987654 0.5087770061728395 0.4185956790123457 0.5068479938271605 0.4407793209876543 0.4701967592592593 0.4451195987654321 0.4494598765432099 0.4383680555555556 0.4470486111111111 0.4547646604938272 0.4547646604938272 0.4832175925925926 0.44656635802469136 0.49623842592592593 0.44801311728395066 0.5227623456790124 0.4383680555555556 0.541087962962963 0.43016975308641975 0.5579668209876544 0.4234182098765432 0.5835262345679013 0.4176311728395062 0.6245177469135803 0.4166666666666667 0.6616512345679013 0.40653935185185186 0.6645447530864198 0.40461033950617287 0.6404320987654322 0.40750385802469136 0.6139081790123457 0.41280864197530864 0.5883487654320988 0.4113618827160494 0.5705054012345679 0.420042438271605 0.5415702160493827 0.4330632716049383 0.5309606481481481 0.43161651234567905 0.49527391975308643 0.4364390432098766 0.46923225308641975 0.43258101851851855 0.4311342592592593 0.40991512345679015 0.390625 0.3689236111111111 0.35542052469135804 0.31539351851851855 0.3168402777777778 0.28935185185185186 0.3004436728395062 0.29658564814814814 0.2662037037037037 0.31828703703703703 0.21412037037037038 0.32937885802469136 0.18952546296296297 0.33034336419753085 0.17409336419753088 0.3385416666666667 0.15625 0.33082561728395066 0.12779706790123457 0.3423996913580247 0.12586805555555555 0.37712191358024694 0.09693287037037038 0.386766975308642 0.0771604938271605 0.4060570987654321 0.0626929012345679 0.4393325617283951 0.02941743827160494 0.45524691358024694 0.00771604938271605 0.4730902777777778 0.0004822530864197531
1 0.31828703703703703 0.0048225308641975315 0.3428819444444445 0.021701388888888888 0.3472222222222222 0.03616898148148148 0.37471064814814814 0.043402777777777776 0.39882330246913583 0.045814043209876545 0.41087962962962965 0.06413966049382716 0.38290895061728397 0.05304783950617284 0.3525270061728395 0.047260802469135804 0.3385416666666667 0.047260802469135804 0.33468364197530864 0.07764274691358025 0.33709490740740744 0.1089891975308642 0.32937885802469136 0.10754243827160494 0.33275462962962965 0.06606867283950618 0.33468364197530864 0.04195601851851852 0.3269675925925926 0.027006172839506175
1 0.002612876254180602 0.5963890050167223 0.02808841973244147 0.5865907190635451 0.058789715719063544 0.5735263377926421 0.08165238294314381 0.5415186036789297 0.0855716973244147 0.5153898411371237 0.05683005852842809 0.5395589464882943 0.05487040133779264 0.551316889632107 0.045072115384615384 0.5669941471571905 0.0006532190635451505 0.5820181856187291
1 0.12215196488294314 0.5251881270903009 0.13390990802675584 0.5447846989966555 0.13260346989966554 0.5663409280936454 0.14566785117056855 0.5598087374581939 0.160691889632107 0.5833246237458194 0.18290133779264212 0.6127194816053512 0.18616743311036787 0.646686872909699 0.18747387123745818 0.672815635451505 0.17506270903010032 0.6688963210702341 0.16395798494983277 0.6172920150501672 0.1437081939799331 0.5820181856187291 0.12868415551839463 0.5787520903010033 0.11888586956521738 0.5598087374581939
1 0.538377637987013 0.4476968344155844 0.5586698457792207 0.45023336038961037 0.6132051542207793 0.440721387987013 0.6499847808441558 0.4286728896103896 0.7133979301948051 0.4426237824675325 0.738763189935065 0.46101359577922074 0.7577871347402597 0.4939884334415584 0.777445211038961 0.5149147727272727 0.7913961038961039 0.5149147727272727 0.7996398133116883 0.544718952922078 0.8148589691558441 0.582132711038961 0.8294439935064934 0.6062297077922078 0.8389559659090909 0.6468141233766234 0.8567116477272727 0.6931057224025974 0.876369724025974 0.6950081168831169 0.8979301948051948 0.7013494318181818 0.9106128246753247 0.7343242694805194 0.9163200081168831 0.7856889204545454 0.9118810876623377 0.830078125 0.9391487418831168 0.8535409902597403 0.9892451298701298 0.8554433847402597 0.9987571022727273 0.8522727272727273 0.9993912337662337 0.8408583603896104 0.9626116071428571 0.8319805194805194 0.9334415584415584 0.8281757305194805 0.9271002435064934 0.7958350243506493 0.9372463474025974 0.7660308441558441 0.9378804788961038 0.727348823051948 0.927734375 0.7064224837662337 0.929002637987013 0.6734476461038961 0.9461241883116883 0.6233512581168831 0.9581726866883117 0.588474025974026 0.9359780844155844 0.6138392857142857 0.9258319805194805 0.6480823863636364 0.9131493506493507 0.6867644074675324 0.881442775974026 0.6829596185064934 0.8617846996753247 0.6512530438311688 0.8395900974025974 0.588474025974026 0.8059811282467533 0.533304586038961 0.8021763392857143 0.5092075892857143 0.7894937094155844 0.5066710633116883 0.7920302353896104 0.5003297483766234 0.8161272321428571 0.5035004058441558 0.8452972808441558 0.4971590909090909 0.8649553571428571 0.5092075892857143 0.8953936688311688 0.5092075892857143 0.925197849025974 0.5199878246753247 0.9454900568181818 0.5199878246753247 0.9765625 0.542182426948052 0.9968547077922078 0.543450689935065 0.9981229707792207 0.534572849025974 0.9613433441558441 0.5193536931818181 0.9359780844155844 0.5073051948051948 0.9055397727272727 0.5041345373376623 0.8554433847402597 0.48130580357142855 0.8110541801948051 0.4914519074675325 0.7818841314935064 0.47876927759740256 0.7520799512987013 0.439453125 0.7203733766233766 0.42740462662337664 0.6816913555194805 0.4191609172077922 0.6620332792207793 0.40521002435064934 0.6392045454545454 0.4090148133116883 0.6277901785714286 0.40457589285714285 0.6005225243506493 0.4166243912337662 0.5542309253246753 0.43120941558441556 0.538377637987013 0.42930702110389607
1 0.7878271311837456 0.0013803003533568905 0.7829960799469965 0.016563604240282685 0.7878271311837456 0.07246576855123675 0.7809256294169611 0.10145207597173145 0.782305929770318 0.1221565812720848 0.7595309739399293 0.14700198763250882 0.7326151170494699 0.15804439045936394 0.7298545163427561 0.1863405477031802 0.7374461682862191 0.2215382067137809 0.7119106117491166 0.2229185070671378 0.7091500110424028 0.20359430212014135 0.7160515128091872 0.16425574204946997 0.693966707155477 0.14907243816254417 0.66152964885159 0.10490282685512367 0.6539379969081272 0.07453621908127209 0.6794735534452296 0.11387477915194345 0.706389410335689 0.1449315371024735 0.7326151170494699 0.14769213780918727 0.7546999227031802 0.13250883392226148 0.7705733767667844 0.09248012367491165 0.7767847283568904 0.06556426678445229 0.776094578180212 0.011732553003533569
1 0.741117294520548 0.2819991438356165 0.7742936643835616 0.2873501712328767 0.7962328767123288 0.2910958904109589 0.8138912671232877 0.3066138698630137 0.8449272260273972 0.311964897260274 0.8834546232876712 0.3092893835616438 0.936964897260274 0.3050085616438356 0.8679366438356164 0.2980522260273973 0.8299443493150686 0.2985873287671233 0.7898116438356164 0.2819991438356165 0.741117294520548 0.2707619863013699
