0 0.36913430420711973 0.9967890372168285 0.3697663834951456 0.9816191343042072 0.37608717637540456 0.9607605177993528 0.3982099514563107 0.9550718042071198 0.4152760922330097 0.9380056634304208 0.43929510517799353 0.942430218446602 0.45762540453074435 0.9493830906148868 0.4601537216828479 0.9361094255663431 0.4500404530744337 0.936741504854369 0.4803802588996764 0.9253640776699029 0.4759557038834952 0.9373735841423949 0.4696349110032363 0.9462226941747574 0.48922936893203883 0.959496359223301 0.4936539239482201 0.9689775485436893 0.47785194174757284 0.9664492313915858 0.4810123381877023 0.9803549757281553 0.45256877022653724 0.9746662621359223 0.45320084951456313 0.9873078478964402 0.4791161003236246 0.9986852750809062 0.38240796925566345 0.9986852750809062
0 0.942430218446602 0.8804864482200647 0.9222036812297735 0.8811185275080906 0.9316848705501618 0.8665807038834952 0.942430218446602 0.8514108009708738 0.9639209142394822 0.833080501618123 0.9746662621359223 0.8431937702265373 0.9696096278317152 0.8589957524271845 0.9961569579288027 0.8716373381877023 0.9936286407766991 0.8943921925566344 0.9986852750809062 0.9139866504854369 0.9980531957928803 0.9961569579288027 0.9544397249190939 0.9993173543689321 0.9500151699029127 0.9803549757281553 0.9386377427184467 0.9986852750809062 0.9222036812297735 0.9790908171521036 0.9089300161812298 0.9803549757281553 0.9234678398058253 0.9531755663430421 0.9196753640776699 0.9386377427184467 0.8646844660194175 0.9228357605177994 0.8431937702265373 0.919043284789644 0.8324484223300971 0.9013450647249192 0.8476183252427185 0.8994488268608415 0.856467435275081 0.9095620954692557 0.8779581310679612 0.9146187297734628 0.9177791262135923 0.9228357605177994 0.9228357605177994 0.8969205097087379 0.936741504854369 0.8899676375404532
0 0.34165283923303835 0.8601816002949852 0.3358914085545723 0.84577802359882 0.34165283923303835 0.8250368731563421 0.36527470501474923 0.8215800147492625 0.3808305678466077 0.8503871681415929 0.3767975663716814 0.8682476032448377 0.3635462758112094 0.8423211651917404 0.35778484513274333 0.8665191740412979 0.35202341445427726 0.8843796091445427 0.3232162610619469 0.8861080383480826
0 0.9997064667630058 0.7891528179190751 0.9850298049132948 0.8134257586705202 0.9664017341040463 0.8128612716763006 0.9393063583815029 0.8230220375722543 0.950596098265896 0.8388276734104047 0.9291455924855492 0.8456015173410405 0.932532514450867 0.8597136921965318 0.9167268786127167 0.87890625 0.8980988078034682 0.8484239523121387 0.8715679190751445 0.8376986994219653 0.852939848265896 0.7835079479768786 0.8845511199421966 0.795926661849711 0.8540688222543352 0.756977059248555 0.8489884393063584 0.7885883309248555 0.8230220375722543 0.7744761560693642 0.8281024205202312 0.7609284682080925 0.8196351156069365 0.7490742413294798 0.7964911488439307 0.7558480852601156 0.795926661849711 0.7744761560693642 0.756977059248555 0.7733471820809249 0.7513321893063584 0.7451228323699423 0.7073022037572254 0.7411714234104047 0.6745619580924855 0.7123825867052023 0.6711750361271677 0.738913475433526 0.6790778540462428 0.7343975794797688 0.6627077312138728 0.7648798771676301 0.641257225433526 0.7524611632947977 0.6621432442196532 0.6999638728323699 0.6446441473988439 0.6875451589595376 0.6553694002890174 0.6672236271676301 0.6581918352601156 0.6469020953757225 0.6231936416184971 0.6604497832369942 0.6124683887283237 0.6497245303468208 0.6254515895953757 0.6322254335260116 0.6271450505780347 0.5983562138728323 0.6491600433526011 0.5746477601156069 0.6723040101156069 0.5814216040462428 0.668917088150289 0.5661804552023122 0.6356123554913294 0.5627935332369942 0.629967485549133 0.5492458453757225 0.6401282514450867 0.545294436416185 0.6745619580924855 0.5503748193641619 0.6965769508670521 0.5588421242774566 0.7264947615606937 0.5622290462427746 0.7315751445086706 0.5481168713872833 0.6999638728323699 0.5520682803468208 0.6948834898843931 0.5379561054913294 0.6824647760115607 0.5294888005780347 0.7152050216763006 0.512554190751445 0.7225433526011561 0.5289243135838151 0.7411714234104047 0.5311822615606936 0.7485097543352601 0.5526327673410405 0.735526553468208 0.5673094291907514 0.6999638728323699 0.6023076228323699 0.681900289017341 0.6028721098265896 0.6841582369942196 0.6130328757225434 0.6993993858381503 0.6147263367052023 0.7140760476878613 0.610210440751445 0.7163339956647399 0.5938403179190751 0.7485097543352601 0.5797281430635838 0.7688312861271677 0.5881954479768786 0.7739116690751445 0.5701318641618497 0.7806855130057804 0.541907514450867 0.7705247471098265 0.5131186777456648 0.7502032153179191 0.5148121387283237 0.7581060332369942 0.4956195809248555 0.7575415462427746 0.4741690751445087 0.7744761560693642 0.4769915101156069 0.7772985910404624 0.4651372832369942 0.7908462789017341 0.475298049132948 0.8179416546242775 0.47078215317919075 0.833182803468208 0.48658778901734107 0.8393921604046243 0.4956195809248555 0.8337472904624278 0.4724756141618497 0.823586524566474 0.46852420520231214 0.8794707369942196 0.4402998554913295 0.8839866329479769 0.44763818641618497 0.8918894508670521 0.4340904985549133 0.8738258670520231 0.42392973265895956 0.8597136921965318 0.416591401734104 0.8958408598265896 0.39626986994219654 0.8738258670520231 0.392318460982659 0.8828576589595376 0.38046423410404623 0.8760838150289018 0.3657875722543353 0.8873735549132948 0.36127167630057805 0.8687454841040463 0.3471595014450867 0.882293171965318 0.33530527456647397 0.8828576589595376 0.3178061777456647 0.9184203395953757 0.2760341401734104 0.9319680274566474 0.2822434971098266 0.9421287933526011 0.2664378612716763 0.9534185332369942 0.2703892702312139 0.9534185332369942 0.2856304190751445 0.9601923771676301 0.27772760115606937 0.9641437861271677 0.24329389450867053 0.9759980130057804 0.23821351156069365 0.9850298049132948 0.22918171965317918 0.9934971098265896 0.23369761560693642 0.991239161849711 0.2449873554913295 0.9974485187861272 0.418284862716763 0.9929326228323699 0.42505870664739887 0.9968840317919075 0.44425126445086704 0.9850298049132948 0.46005690028901736 0.9822073699421966 0.5114252167630058 0.9737400650289018 0.5193280346820809 0.9923681358381503 0.5289243135838151
0 0.0012765522875816994 0.13020833333333334 0.0 0.20105698529411764 0.028722426470588234 0.19084456699346405 0.042126225490196074 0.2004187091503268 0.026169321895424837 0.21318423202614378 0.013403799019607842 0.22403492647058823 0.021063112745098037 0.2355238970588235 0.034466911764705885 0.22850285947712418 0.05872140522875817 0.2323325163398693 0.06255106209150327 0.21573733660130717 0.06701899509803921 0.2355238970588235 0.03957312091503268 0.24126838235294118 0.024892769607843136 0.25020424836601307 0.03574346405228758 0.27701184640522875 0.015318627450980392 0.29105392156862747 0.017233455882352942 0.3146701388888889 0.04084967320261438 0.2980749591503268 0.042126225490196074 0.3338184232026144 0.04978553921568627 0.32679738562091504 0.04978553921568627 0.30764910130718953 0.05744485294117647 0.2955218545751634 0.04659415849673203 0.29488357843137253 0.05744485294117647 0.27892667483660133 0.061274509803921566 0.27956495098039214 0.06893382352941177 0.26360804738562094 0.07021037581699346 0.24573631535947713 0.09318831699346405 0.23360906862745098 0.10467728758169935 0.2495659722222222 0.11106004901960784 0.23424734477124182 0.11744281045751634 0.23743872549019607 0.1002093545751634 0.25531045751633985 0.09957107843137254 0.28339460784313725 0.11169832516339868 0.27445874183006536 0.11106004901960784 0.25084252450980393 0.11552798202614378 0.24892769607843138 0.12063419117647059 0.27445874183006536 0.14744178921568626 0.2821180555555555 0.14042075163398693 0.2904156454248366 0.14233558006535948 0.305734272875817 0.15127144607843138 0.3165849673202614 0.1282935049019608 0.3146701388888889 0.14233558006535948 0.34849877450980393 0.15127144607843138 0.33509497549019607 0.1608455882352941 0.33956290849673204 0.13212316176470587 0.3676470588235294 0.10659211601307189 0.3472222222222222 0.09574142156862744 0.3599877450980392 0.08489072712418301 0.34786049836601307 0.09063521241830065 0.3689236111111111 0.06829554738562091 0.3587111928104575 0.06446589052287581 0.37211499183006536 0.0759548611111111 0.38105085784313725 0.06574244281045752 0.3944546568627451 0.08425245098039215 0.4123263888888889 0.08808210784313725 0.4359426062091503 0.11169832516339868 0.45700571895424835 0.11744281045751634 0.483813316993464 0.0951031454248366 0.4870046977124183 0.11169832516339868 0.5335988562091503 0.14105902777777776 0.5438112745098039 0.17041973039215685 0.5712571486928104 0.2055249183006536 0.5655126633986928 0.23169424019607843 0.5374285130718954 0.2661611519607843 0.5087060866013072 0.29871323529411764 0.47998366013071897 0.2853094362745098 0.4423253676470588 0.2840328839869281 0.4238153594771242 0.24382148692810457 0.41296466503267976 0.23871527777777776 0.4059436274509804 0.25531045751633985 0.4104115604575163 0.254672181372549 0.3950929330065359 0.21637561274509803 0.40466707516339867 0.18573835784313725 0.38998672385620914 0.1685049019607843 0.4078584558823529 0.17041973039215685 0.3957312091503268 0.18063214869281047 0.3816891339869281 0.1672283496732026 0.37849775326797386 0.14935661764705882 0.37594464869281047 0.16276041666666666 0.3561580882352941 0.19467422385620914 0.3714767156862745 0.22084354575163398 0.3893484477124183 0.24126838235294118 0.37849775326797386 0.23488562091503268 0.3625408496732026 0.25786356209150324 0.3472222222222222 0.2323325163398693 0.3382863562091503 0.20616319444444445 0.35934946895424835 0.1863766339869281 0.352328431372549 0.2093545751633987 0.3446691176470588 0.22275837418300654 0.3338184232026144 0.21573733660130717 0.3229677287581699 0.18318525326797386 0.3121170343137255 0.1914828431372549 0.288500816993464 0.1876531862745098 0.2559487336601307 0.1748876633986928 0.25084252450980393 0.21637561274509803 0.24892769607843138 0.22531147875816993 0.23360906862745098 0.21637561274509803 0.22658803104575162 0.23105596405228757 0.21892871732026142 0.23105596405228757 0.20488664215686275 0.2093545751633987 0.20488664215686275 0.20871629901960784 0.2170138888888889 0.1914828431372549 0.21126940359477123 0.21126940359477123 0.18829146241830064 0.23041768790849673 0.1914828431372549 0.19339767156862744 0.1748876633986928 0.17552593954248366 0.1659517973856209 0.1685049019607843 0.1685049019607843 0.1608455882352941 0.1838235294117647 0.1685049019607843 0.2029718137254902 0.15893075980392157 0.22339665032679737 0.13339971405228757 0.22084354575163398 0.13084660947712418 0.2016952614379085 0.1129748774509804 0.2093545751633987 0.11680453431372549 0.21956699346405228 0.08872038398692811 0.21382250816993464 0.0899969362745098 0.2029718137254902 0.08680555555555555 0.17807904411764705 0.0925500408496732 0.16786662581699346 0.07723141339869281 0.16786662581699346 0.07531658496732026 0.1748876633986928 0.07531658496732026 0.15701593137254902 0.07786968954248366 0.13722937091503268 0.08106107026143791 0.11999591503267974 0.05489174836601307 0.11808108660130719 0.06446589052287581 0.08425245098039215 0.04659415849673203 0.061274509803921566 0.06063623366013072 0.045317606209150325 0.04595588235294117 0.04084967320261438 0.047232434640522875 0.01787173202614379 0.031275531045751634 0.01659517973856209 0.012765522875816993 0.028722426470588234 0.029360702614379085 0.040211397058823525 0.031275531045751634 0.05361519607843137 0.0025531045751633987 0.05361519607843137 0.010212418300653595 0.11680453431372549
1 0.0006554110738255034 0.43257130872483224 0.028182676174496643 0.43191589765100674 0.036047609060402684 0.4417470637583893 0.053743708053691275 0.4810717281879195 0.06816275167785235 0.4902474832214765 0.08651426174496644 0.5276059144295302 0.08716967281879194 0.5525115352348994 0.09437919463087248 0.575450922818792 0.10355494966442953 0.5865929110738255 0.09437919463087248 0.6311608640939598 0.07143980704697987 0.6521340184563759 0.051777474832214766 0.6888370385906041 0.03473678691275168 0.7098101929530202 0.019006921140939596 0.7078439597315437 0.010486577181208054 0.7314387583892618 0.015729865771812082 0.7452023909395973 0.020317743288590605 0.7196413590604027 0.030148909395973155 0.7209521812080537 0.02883808724832215 0.7353712248322147 0.03998007550335571 0.7196413590604027 0.061608640939597316 0.7045669043624161 0.06619651845637584 0.68359375 0.0779939177852349 0.6619651845637584 0.09765625 0.6390257969798657 0.11273070469798657 0.6069106543624161 0.11076447147651007 0.5879037332214765 0.10158871644295302 0.5623427013422819 0.09569001677852348 0.5400587248322147 0.12059563758389262 0.5387479026845637 0.16647441275167785 0.5564440016778524 0.21038695469798657 0.5800388003355704 0.26544148489932884 0.6062552432885906 0.3080432046979866 0.6232959312080537 0.3126310822147651 0.6541002516778524 0.32246224832214765 0.6534448406040269 0.3250838926174497 0.6272283976510067 0.3322934144295302 0.6213296979865772 0.3565436241610738 0.6023227768456376 0.39914534395973156 0.5675859899328859 0.44043624161073824 0.574140100671141 0.4810717281879195 0.5498898909395973 0.5164639261744967 0.5629981124161074 0.5610318791946308 0.5623427013422819 0.5230180369127517 0.5518561241610739 0.49745700503355705 0.5348154362416108 0.5230180369127517 0.49745700503355705 0.5459574244966443 0.4692743288590604 0.5505453020134228 0.45157822986577184 0.5387479026845637 0.45223364093959734 0.5138422818791947 0.47779467281879195 0.5092544043624161 0.49876782718120805 0.489592072147651 0.5269505033557047 0.45747692953020136 0.5420249580536913 0.43978083053691275 0.5538223573825504 0.4096319211409396 0.5518561241610739 0.38144924496644295 0.5557885906040269 0.3565436241610738 0.576761744966443 0.33557046979865773 0.59904572147651 0.3185297818791946 0.6160864093959731 0.2739618288590604 0.5931470218120806 0.22873846476510068 0.5787279781879194 0.18875838926174496 0.5538223573825504 0.15992030201342283 0.5407141359060402 0.11994022651006711 0.5262950922818792 0.09503460570469799 0.5046665268456376 0.06947357382550336 0.47845008389261745 0.05046665268456376 0.43781459731543626 0.04260171979865772 0.41815226510067116 0.053743708053691275 0.4089765100671141 0.07340604026845637 0.4161860318791946 0.08520343959731544 0.4056994546979866 0.05439911912751678 0.4050440436241611 0.01769609899328859 0.39324664429530204 0.0019662332214765103 0.38734794463087246
1 0.0188372461928934 0.8556075507614214 0.002974302030456853 0.8337960025380711 0.0004957170050761421 0.8218987944162437 0.003470019035532995 0.8129758883248731 0.003470019035532995 0.7941386421319797 0.008922906091370558 0.7832328680203046 0.01388007614213198 0.7708399428934011 0.01140149111675127 0.7554727157360406 0.019828680203045686 0.7574555837563451 0.02726443527918782 0.7549769987309645 0.02082011421319797 0.7698485088832487 0.01635866116751269 0.7827371510152284 0.02131583121827411 0.7871986040609137 0.01388007614213198 0.7926514911167513 0.008427189086294416 0.8109930203045685 0.012888642131979695 0.8288388324873096 0.02329869923857868 0.8471803616751269 0.03668305837563452 0.8635390228426396 0.04560596446700508 0.8739490799492385 0.06047747461928934 0.8794019670050761 0.0694003807106599 0.8972477791878173 0.09220336294416244 0.9111278553299492 0.12640783629441624 0.9195550444162437 0.13681789340101522 0.9259993654822335 0.13334787436548223 0.9354179885786802 0.10806630710659898 0.924512214467005 0.08724619289340102 0.9190593274111675 0.06493892766497462 0.9106321383248731 0.04015307741116751 0.8813848350253807 0.023794416243654824 0.8818805520304569
1 0.154296875 0.9954427083333334 0.14778645833333334 0.9654947916666666 0.142578125 0.943359375 0.15494791666666666 0.9368489583333334 0.14322916666666666 0.9309895833333334 0.13671875 0.9375 0.13736979166666666 0.9609375 0.130859375 0.9752604166666666 0.13736979166666666 0.9973958333333334
1 0.173828125 0.931640625 0.19986979166666666 0.9147135416666666 0.21484375 0.88671875 0.22916666666666666 0.8502604166666666 0.2513020833333333 0.8138020833333334 0.265625 0.7890625 0.2897135416666667 0.787109375 0.2779947916666667 0.7708333333333334 0.294921875 0.7356770833333334 0.3170572916666667 0.73828125 0.3131510416666667 0.775390625 0.3333333333333333 0.7682291666666666 0.3522135416666667 0.7845052083333334 0.365234375 0.810546875 0.3782552083333333 0.8287760416666666 0.4095052083333333 0.8548177083333334 0.4557291666666667 0.8899739583333334 0.5013020833333334 0.9127604166666666 0.5071614583333334 0.9055989583333334 0.4641927083333333 0.8880208333333334 0.421875 0.8522135416666666 0.3828125 0.8138020833333334 0.37109375 0.802734375 0.3606770833333333 0.77734375 0.3352864583333333 0.759765625 0.3229166666666667 0.7356770833333334 0.306640625 0.720703125 0.3020833333333333 0.6985677083333334 0.30859375 0.6705729166666666 0.30078125 0.66015625 0.2936197916666667 0.6796875 0.2890625 0.6979166666666666 0.291015625 0.720703125 0.27734375 0.74609375 0.2532552083333333 0.78125 0.234375 0.8203125 0.21419270833333334 0.8515625 0.212890625 0.87109375 0.20052083333333334 0.8932291666666666 0.16927083333333334 0.9153645833333334 0.158203125 0.9212239583333334 0.16080729166666666 0.9348958333333334
1 0.6478605983096085 0.8729982206405694 0.6374346641459074 0.8389401690391459 0.6277037922597865 0.7979314946619217 0.6214482317615658 0.7847253113879004 0.6207531694839857 0.8125278024911032 0.633264290480427 0.8521463523131673 0.6339593527580071 0.8778636565836299 0.5964259897686832 0.8994105871886121 0.5797444951067615 0.918177268683274 0.6131074844306049 0.9105315836298932 0.6443852869217082 0.8917649021352313 0.6548112210854092 0.9056661476868327 0.6707976534697508 0.927908140569395 0.6812235876334519 0.9397241992882562 0.6888692726868327 0.986293371886121 0.6979050822953736 0.9418093861209964 0.7152816392348754 0.9334686387900356 0.7444742548932384 0.9418093861209964 0.7966039257117438 0.9508451957295373 0.8556842193060498 0.9508451957295373 0.886962021797153 0.9612711298932384 0.936311443505338 0.9536254448398577 0.9377015680604982 0.9216525800711743 0.9078138901245552 0.9522353202846975 0.85707434386121 0.9348587633451957 0.8125903580960854 0.9348587633451957 0.7486446285587188 0.9306883896797152 0.7319631338967971 0.9140068950177935 0.731268071619217 0.8980204626334519 0.7152816392348754 0.9237377669039146 0.6999902691281139 0.9153970195729537 0.6853939612989324 0.9160920818505338
1 0.6610667815836299 0.5254670818505338 0.672187778024911 0.5268572064056939 0.6909544595195729 0.5240769572953736 0.7131964524021353 0.5240769572953736 0.7097211410142349 0.5150411476868327 0.6666272798042705 0.5143460854092526 0.6464704737544484 0.5122608985765125
