0 0.05496499316939891 0.9931053620218578 0.04909494535519125 0.9664233265027322 0.03682120901639344 0.9674906079234973 0.04002305327868852 0.9434767759562841 0.04535946038251366 0.9151938183060109 0.07470969945355191 0.9082564890710382 0.09445440573770492 0.897583674863388 0.11259818989071038 0.8735698428961748 0.10619450136612021 0.9071892076502732 0.12327100409836066 0.8970500341530054 0.1328765368852459 0.9023864412568305 0.1211364412568306 0.9258666325136612 0.11846823770491803 0.9520150273224043 0.12540556693989072 0.9744279371584699 0.13981386612021857 0.9728270150273224 0.12327100409836066 0.9963072062841529 0.10139173497267759 0.9845671106557377 0.10139173497267759 0.9979081284153005 0.059234118852459015 0.998441769125683
0 0.14194842896174864 0.9231984289617486 0.16542862021857924 0.9141265368852458 0.16596226092896174 0.9237320696721311 0.18090420081967212 0.9141265368852458 0.175567793715847 0.8927809084699453 0.1643613387978142 0.8890454234972677 0.17023138661202186 0.9055882855191256 0.14621755464480873 0.9023864412568305 0.13447745901639344 0.8794398907103825 0.1488857581967213 0.8703679986338797 0.15528944672131148 0.879973531420765 0.16115949453551912 0.862363387978142 0.1723659494535519 0.8741034836065573 0.17823599726775954 0.8575606215846994 0.1648949795081967 0.8580942622950819 0.18037056010928962 0.8271431010928961 0.16916410519125682 0.8255421789617486 0.16863046448087432 0.7967255806010929 0.17343323087431695 0.7919228142076502 0.16702954234972678 0.7727117486338797 0.14941939890710382 0.763639856557377 0.1446166325136612 0.7305541325136612 0.14568391393442623 0.7118767076502732 0.1841060450819672 0.6830601092896175 0.19424521857923496 0.7102757855191256 0.21025443989071038 0.7092085040983607 0.20438439207650272 0.726285006830601 0.215057206284153 0.7470969945355191 0.2182590505464481 0.723083162568306 0.21238900273224043 0.7172131147540983 0.2107880806010929 0.6921320013661202 0.21772540983606556 0.6793246243169399 0.22199453551912568 0.6478398224043715 0.23160006830601093 0.6665172472677595 0.25294569672131145 0.647306181693989 0.2625512295081967 0.6147540983606558 0.25614754098360654 0.5976775956284153 0.24013831967213115 0.5939421106557377 0.22839822404371585 0.5656591530054644 0.2774931693989071 0.5918075478142076 0.29510331284153 0.5592554644808743 0.3095116120218579 0.567260075136612 0.3207180669398907 0.5629909494535519 0.33459272540983603 0.6003457991803278 0.3276553961748634 0.6168886612021858 0.34259733606557374 0.6574453551912568 0.33726092896174864 0.6627817622950819 0.3431309767759563 0.6937329234972678 0.33459272540983603 0.7225495218579234 0.3196507855191257 0.7300204918032787 0.3153816598360656 0.7631062158469945 0.3132470969945355 0.7951246584699453 0.3084443306010929 0.8180712090163934 0.3276553961748634 0.8442196038251366 0.332458162568306 0.8746371243169399 0.3468664617486339 0.9141265368852458 0.36501024590163933 0.9477459016393442 0.352202868852459 0.999509050546448 0.28443049863387976 0.997374487704918 0.30684340846994534 0.9498804644808743 0.3041752049180328 0.9034537226775956 0.294036031420765 0.9493468237704917 0.28443049863387976 0.9525486680327868 0.27589224726775957 0.9754952185792349 0.27909409153005466 0.997374487704918 0.14248206967213115 0.998441769125683
0 0.38006756756756754 0.7941535285285285 0.37654842342342343 0.7724521396396397 0.37068318318318316 0.7601351351351351 0.3448761261261261 0.7249436936936937 0.3442896021021021 0.7003096846846847 0.35250093843843844 0.6938579204204204 0.3595392267267267 0.7237706456456456 0.36951013513513514 0.7466450825825826 0.38182713963963966 0.7442989864864865
0 0.3835867117117117 0.9894660285285285 0.3882789039039039 0.9736298798798798 0.37302927927927926 0.9730433558558559 0.3759618993993994 0.9460632507507507 0.4134994369369369 0.9613128753753754 0.4000093843843844 0.9712837837837838 0.3953171921921922 0.9970908408408408 0.37420232732732733 0.9959177927927928 0.37478885135135137 0.9900525525525525
0 0.5179007132132132 0.9847738363363363 0.5296311936936937 0.9554476351351351 0.5014780405405406 0.9642454954954954 0.5096893768768769 0.9959177927927928 0.5671687312312312 0.9988504129129129 0.564236111111111 0.977149024024024 0.5548517267267267 0.978322072072072 0.5472269144144144 0.9677646396396397 0.5401886261261261 0.9830142642642642 0.5266985735735735 0.9912256006006006
0 0.58125 0.07604166666666666 0.56875 0.04635416666666667 0.571875 0.0010416666666666667 0.5973958333333333 0.007291666666666667 0.5942708333333333 0.034375 0.6135416666666667 0.051041666666666666 0.60625 0.06822916666666666 0.6151041666666667 0.07239583333333334 0.6260416666666667 0.04791666666666667 0.6385416666666667 0.057291666666666664 0.6239583333333333 0.078125
0 0.8901041666666667 0.13958333333333334 0.8692708333333333 0.15364583333333334 0.8552083333333333 0.18854166666666666 0.8348958333333333 0.140625 0.8463541666666666 0.128125 0.8572916666666667 0.13489583333333333 0.8588541666666667 0.10364583333333334 0.8723958333333334 0.12083333333333333 0.865625 0.1390625
0 0.896875 0.15364583333333334 0.8958333333333334 0.20677083333333332 0.909375 0.19583333333333333 0.9135416666666667 0.17447916666666666 0.9020833333333333 0.14322916666666666
0 0.8378533041401274 0.6723974920382165 0.8677099920382165 0.6524930334394904 0.8316331608280254 0.628234474522293 0.7980443869426751 0.6481389331210191
0 0.9137390525477707 0.74890525477707 0.8907245222929936 0.7656996417197451 0.895078622611465 0.8117287022292994 0.9100069665605095 0.8055085589171974 0.9187151671974522 0.7775179140127388 0.947327826433121 0.8092406449044586 0.973452428343949 0.8067525875796178 0.9342655254777069 0.7538813694267515 0.931155453821656 0.7066082802547771 0.9106289808917197 0.7184265525477707
0 0.9996585796915167 0.325353470437018 0.9951397814910026 0.32736182519280205 0.9996585796915167 0.34342866323907456 0.978570854755784 0.34443284061696655 0.9906209832904884 0.3228430269922879 0.9745541452442159 0.3097887210796915 0.9765625 0.2967344151670951 0.9680269922879177 0.2902072622107969 0.977064588688946 0.2776550449871465 0.9685290809768637 0.25957985218508994 0.9820854755784061 0.23648377249357325 0.975558322622108 0.22041693444730076 0.9830896529562981 0.2083668059125964 0.9760604113110539 0.1892874357326478 0.9579852185089974 0.16418300128534705 0.9569810411311054 0.130543059125964 0.9404121143958869 0.12250964010282776 0.945433001285347 0.11296995501285347 0.9414162917737788 0.09690311696658098 0.9499517994858612 0.08435089974293059 0.9328807840616966 0.08184045629820051 0.9604956619537275 0.0682840616966581 0.9358933161953727 0.05974855398457583 0.9399100257069408 0.05322140102827763 0.9514580655526992 0.054225578406169664 0.9544705976863753 0.034644119537275066 0.9650144601542416 0.03615038560411311 0.9635081940874035 0.05472766709511568 0.9554747750642674 0.06025064267352185 0.9705374357326478 0.06878615038560411 0.9850980077120822 0.06376526349614396 0.9971481362467866 0.08033419023136247
1 0.05350734319787985 0.0013803003533568905 0.05626794390459364 0.026225706713780918 0.052817193021201414 0.04554991166077738 0.06454974602473498 0.08626877208480566 0.0680004969081272 0.10490282685512367 0.07490199867491165 0.1083535777385159 0.09629665415194345 0.14079063604240283 0.09353605344522968 0.1614951413427562 0.08939515238515901 0.19669280035335687 0.09284590326855123 0.21256625441696111 0.09560650397526502 0.17943904593639576 0.10112770538869258 0.1511428886925795 0.12804356227915195 0.15321333922261485 0.16324122128975266 0.1587345406360424 0.1611707707597173 0.16563604240282684 0.14667761704946997 0.1801291961130742 0.13080416298586572 0.201523851590106 0.1259731117491166 0.220157906360424 0.1515086682862191 0.18910114840989398 0.19222752871024734 0.15459363957597172 0.22742518772084805 0.11870583038869258 0.23708729019434627 0.11732553003533569 0.25503119478798586 0.11870583038869258 0.2757357000883392 0.11042402826855123 0.27021449867491165 0.10421267667844522 0.25503119478798586 0.11249447879858657 0.23708729019434627 0.1083535777385159 0.24053804107773852 0.09109982332155477 0.24053804107773852 0.06004306537102473 0.2508902937279152 0.02415525618374558 0.24812969302120141 0.003450750883392226 0.23915774072438162 0.0013803003533568905 0.24122819125441697 0.025535556537102475 0.23225623895759717 0.04485976148409894 0.23156608878091872 0.06763471731448763 0.22742518772084805 0.10283237632508833 0.20326993153710246 0.12008613074204946 0.19360782906360424 0.14148078621908128 0.17152302340989398 0.15804439045936394 0.1521988184628975 0.14562168727915195 0.11562085909893993 0.14079063604240283 0.10388830609540636 0.1359595848056537 0.08939515238515901 0.1083535777385159 0.07766259938162544 0.09731117491166077 0.07076109761484099 0.0717756183745583 0.0631694456713781 0.04140901060070671 0.06454974602473498 0.004140901060070671
1 0.0015238667582417598 0.47862293956043955 0.036579956501831504 0.47003777472527475 0.056612007783882784 0.4378434065934066 0.058758298992674 0.4149496336996337 0.0852292239010989 0.42210393772893773 0.11241557921245421 0.44929029304029305 0.15176425137362637 0.47433035714285715 0.17608888507326007 0.5050938644688645 0.19826722756410256 0.5372882326007326 0.2018443795787546 0.5916609432234432 0.19325921474358976 0.6252861721611722 0.1782351762820513 0.6510416666666666 0.16750372023809523 0.6732200091575091 0.16678828983516483 0.7139995421245421 0.16607285943223443 0.766941391941392 0.17465802426739926 0.7698031135531136 0.1782351762820513 0.7383241758241759 0.1832431891025641 0.7097069597069597 0.18682034111721613 0.6682119963369964 0.19325921474358976 0.6503262362637363 0.21042954441391942 0.6188472985347986 0.21543755723443225 0.5573202838827839 0.21829927884615385 0.545157967032967 0.2619405334249084 0.5487351190476191 0.2941349015567766 0.5537431318681318 0.34564589056776557 0.5566048534798534 0.38642542353479853 0.5337110805860806 0.42219694368131866 0.5315647893772893 0.4729925022893773 0.5422962454212454 0.500894288003663 0.5623282967032968 0.53094236492674 0.6074004120879121 0.5495435554029304 0.6116929945054945 0.5645675938644689 0.6581959706959707 0.5867459363553114 0.6996909340659341 0.6024854052197802 0.7454784798534798 0.6203711652930403 0.7884043040293041 0.6547118246336996 0.7977048992673993 0.6661587110805861 0.8234603937728938 0.6833290407509157 0.8420615842490843 0.6790364583333334 0.877117673992674 0.6697358630952381 0.9007268772893773 0.685475331959707 0.9221897893772893 0.6883370535714286 0.9400755494505495 0.6661587110805861 0.9615384615384616 0.6647278502747253 0.9951636904761905 0.685475331959707 0.9543841575091575 0.7069382440476191 0.9550995879120879 0.747717777014652 0.9572458791208791 0.7627418154761905 0.9550995879120879 0.792074461996337 0.9715544871794872 0.8214071085164836 0.9794242216117216 0.8600403502747253 0.9837168040293041 0.8929501488095238 0.9808550824175825 0.8714872367216118 0.9665464743589743 0.8414391597985348 0.9651156135531136 0.7999441964285714 0.9593921703296704 0.7677498282967034 0.9415064102564102 0.7319783081501832 0.9393601190476191 0.7090845352564102 0.9314903846153846 0.6933450663919414 0.8992960164835165 0.6933450663919414 0.8721096611721612 0.6983530792124543 0.839915293040293 0.6776055975274725 0.807720924908425 0.6647278502747253 0.7862580128205128 0.6325334821428571 0.7748111263736264 0.6146477220695971 0.7390396062271062 0.5996236836080586 0.6918211996336996 0.5717218978937729 0.6474645146520147 0.5624213026556777 0.6181318681318682 0.5595595810439561 0.6074004120879121 0.5960465315934066 0.6023923992673993 0.6289563301282052 0.612408424908425 0.6776055975274725 0.6159855769230769 0.7055073832417582 0.6245707417582418 0.7455714858058609 0.6431719322344323 0.7584492330586081 0.6474645146520147 0.7462869162087912 0.6739354395604396 0.7484332074175825 0.7075606684981685 0.7598800938644689 0.7139995421245421 0.7584492330586081 0.6789434523809524 0.7756195627289377 0.6488953754578755 0.7985133356227107 0.6188472985347986 0.8235533997252747 0.5973843864468864 0.8342848557692307 0.5845066391941391 0.8421545902014652 0.5458733974358975 0.8586094894688645 0.5058092948717948 0.8593249198717948 0.486492673992674 0.8764952495421245 0.4893543956043956 0.8729180975274725 0.5043784340659341 0.8779261103479854 0.5265567765567766 0.9022507440476191 0.5473042582417582 0.943030277014652 0.5515968406593407 0.9780863667582418 0.5408653846153846 0.9974029876373627 0.534426510989011 0.9959721268315018 0.5279876373626373 0.9666394803113554 0.5372882326007326 0.9272908081501832 0.5401499542124543 0.8893729967948718 0.5287030677655677 0.8829341231684982 0.5065247252747253 0.9036816048534798 0.48005380036630035 0.935875972985348 0.4721840659340659 0.9881023923992673 0.47576121794871795 0.9788017971611722 0.4571600274725275 0.9101204784798534 0.4414205586080586 0.8865112751831502 0.42138850732600736 0.83285399496337 0.42496565934065933 0.8085293612637363 0.4056490384615385 0.8199762477106227 0.3741701007326007 0.8178299565018315 0.3698775183150183 0.8035213484432234 0.37989354395604397 0.7977979052197802 0.39849473443223443 0.7648881066849816 0.40350274725274726 0.7105153960622711 0.39849473443223443 0.681898179945055 0.39849473443223443 0.6425495077838828 0.40064102564102566 0.6067779876373627 0.40135645604395603 0.5695756066849816 0.39706387362637363 0.5545515682234432 0.383470695970696 0.5216417696886447 0.37631639194139194 0.4737079326923077 0.35270718864468864 0.4987479967948718 0.37631639194139194 0.5302269345238095 0.38847870879120877 0.5574132898351648 0.40278731684981683 0.6017699748168498 0.4142342032967033 0.6396877861721612 0.41065705128205127 0.7040765224358975 0.4085107600732601 0.7584492330586081 0.4149496336996337 0.7870664491758241 0.4163804945054945 0.7927898923992674 0.43426625457875456 0.8221225389194139 0.4707532051282051 0.8357157165750916 0.49937042124542125 0.8342848557692307 0.534426510989011 0.8235533997252747 0.5694826007326007 0.806383070054945 0.5923763736263736 0.7720424107142857 0.6310096153846154 0.7505794986263736 0.6360176282051282 0.7112308264652014 0.6081158424908425 0.6833290407509157 0.6052541208791209 0.6454112293956044 0.6031078296703297 0.6175094436813187 0.5909455128205128 0.5874613667582418 0.5902300824175825 0.5566978594322345 0.5930918040293041 0.53094236492674 0.5673363095238095 0.5037560096153846 0.5408653846153846 0.4737079326923077 0.5279876373626373 0.45939932463369965 0.4957932692307692 0.4586838942307692 0.4428514194139194 0.4615456158424908 0.39277129120879123 0.44008270375457875 0.38418612637362637 0.44008270375457875 0.4156650641025641 0.44008270375457875 0.45215201465201466 0.4393672733516484 0.49722413003663 0.4472370077838828 0.5129635989010989 0.4508141597985348 0.5229796245421245 0.41504263965201466 0.5072401556776557 0.3821328411172161 0.5115327380952381 0.35136933379120877 0.5244104853479854 0.31917496565934067 0.5337110805860806 0.27410285027472525 0.5265567765567766 0.24333934294871795 0.5201179029304029 0.20899868360805862 0.5244104853479854 0.19325921474358976 0.5022321428571429 0.1825277586996337 0.4822000915750916 0.17036544184981686 0.4779075091575092 0.16678828983516483 0.4621680402930403 0.14389451694139194 0.4442822802197802 0.08737551510989011 0.40135645604395603 0.06519717261904762 0.390625 0.07092061584249085 0.3620077838827839 0.08880637591575091 0.32838255494505497 0.08952180631868131 0.30548878205128205 0.07807491987179488 0.3197973901098901 0.06376631181318682 0.3419757326007326 0.05518114697802198 0.3849015567765568 0.05088856456043957 0.41065705128205127 0.04158796932234432 0.434981684981685 0.014401614010989008 0.4514365842490842 0.0008084363553113524 0.45215201465201466
1 0.47153114886731395 0.30592637540453077 0.49238976537216833 0.2996055825242719 0.49112560679611655 0.269897855987055 0.5025030339805825 0.25788834951456313 0.5265220469255664 0.24208636731391586 0.5404277912621359 0.21617111650485438 0.5480127427184466 0.18456715210355987 0.5480127427184466 0.13652912621359223 0.5448523462783171 0.09734021035598706 0.5606543284789645 0.07837783171521036 0.5492769012944984 0.06763248381877023 0.557493932038835 0.04045307443365696 0.557493932038835 0.01643406148867314 0.5492769012944984 0.01959445792880259 0.5429561084142395 0.04740594660194175 0.5378994741100324 0.07837783171521036 0.5309466019417476 0.10492516181229775 0.5315786812297735 0.13463288834951456 0.528418284789644 0.18835962783171523 0.5277862055016181 0.21111448220064727 0.5145125404530745 0.2326051779935275 0.5132483818770227 0.23766181229773464 0.48859728964401294 0.24967131877022655 0.46394619741100324 0.23766181229773464 0.4500404530744337 0.2218598300970874 0.4437196601941748 0.20416161003236247 0.4291818365695793 0.2028974514563107 0.41337985436893204 0.1706614077669903 0.42791767799352753 0.21301072006472493 0.43929510517799353 0.22312398867313918 0.45825748381877024 0.2465109223300971 0.48227649676375406 0.26294498381877024 0.4759557038834952 0.27558656957928807
1 0.8508133561643836 0.0035673515981735162 0.8494755993150686 0.03210616438356165 0.8427868150684932 0.056631706621004564 0.8383276255707762 0.08650827625570777 0.8624072488584476 0.07402254566210045 0.8980807648401826 0.07446846461187215 0.935092037671233 0.08650827625570777 0.9359838755707762 0.09765625 0.906107305936073 0.09096746575342465 0.873109303652968 0.08294092465753425 0.84457049086758 0.09275114155251142 0.8262878139269406 0.1101419805936073 0.8102347317351598 0.12574914383561644 0.8048837043378996 0.15562571347031964 0.8097888127853882 0.19709617579908675 0.8182612728310502 0.24124215182648404 0.8173694349315068 0.2818207762557078 0.8133561643835616 0.3166024543378996 0.8026541095890412 0.3513841324200913 0.7995326769406393 0.3402361586757991 0.795519406392694 0.3139269406392694 0.8044377853881278 0.2911850742009133 0.805775542237443 0.24391766552511415 0.7950734874429224 0.19843393264840184 0.7879387842465754 0.14180222602739725 0.8031000285388128 0.11192565639269407 0.8236123002283106 0.09230522260273973 0.8285174086757991 0.06109089611872146 0.8334225171232877 0.02675513698630137 0.8360980308219178 0.0031214326484018265
1 0.6813343508997429 0.7907896850899743 0.684848971722365 0.7767312017994858 0.685351060411311 0.7566476542416453 0.6979032776349614 0.7350578406169666 0.7099534061696657 0.7004137210796915 0.7034262532133676 0.7004137210796915 0.6918782133676092 0.7230077120822622 0.6883635925449871 0.7435933483290488 0.6798280848329049 0.7631748071979434 0.6738030205655526 0.7777353791773779
