1 0.3848505434782608 0.9984997735507245 0.37706634963768115 0.9765624999999999 0.38555819746376807 0.9369338768115941 0.3197463768115942 0.9142889492753622 0.2949784873188406 0.8838598278985507 0.2695029438405797 0.8845674818840579 0.2695029438405797 0.8640455163043478 0.24756567028985504 0.8314934329710144 0.24685801630434778 0.8138020833333333 0.2546422101449275 0.7897418478260869 0.2595957880434782 0.7586050724637681 0.27516417572463764 0.7550668025362318 0.26879528985507245 0.772758152173913 0.25818048007246375 0.798941349637681 0.25534986413043476 0.8222939311594202 0.26879528985507245 0.8406929347826086 0.28224071557971014 0.8640455163043478 0.304885643115942 0.8781985960144927 0.32257699275362317 0.9043817934782608 0.3544214221014492 0.9149966032608695 0.4060801630434782 0.9227807971014492 0.4442934782608695 0.8916440217391304 0.4641077898550724 0.8506000905797101 0.47330729166666663 0.8314934329710144 0.4902909873188406 0.8003566576086956 0.5086899909420289 0.7656816123188405 0.5327502264492753 0.7317142210144927 0.537703804347826 0.6949162137681159 0.5511492300724637 0.6545799365942029 0.5596410778985507 0.6687330163043478 0.5539798460144927 0.6871320199275361 0.5525645380434782 0.7189764492753623 0.5709635416666666 0.7409137228260869 0.592193161231884 0.7720504981884058 0.6091768568840579 0.7798346920289855 0.6141304347826086 0.8010643115942029 0.5985620471014492 0.7968183876811593 0.5858242753623187 0.7734658061594202 0.5582257699275361 0.772758152173913 0.5603487318840579 0.7423290307971014 0.540534420289855 0.7380831068840579 0.5228430706521738 0.764266304347826 0.5447803442028984 0.7869112318840579 0.5093976449275361 0.7869112318840579 0.500198143115942 0.804602581521739 0.49524456521739124 0.8095561594202898 0.48321444746376807 0.8449388586956521 0.47472259963768115 0.8520153985507246 0.46481544384057966 0.8909363677536231 0.42023324275362317 0.9291496829710144 0.3961730072463768 0.9305649909420289 0.39758831521739124 0.973731884057971 0.40183423913043476 0.9992074275362318
1 0.001529555722891554 0.5435805722891566 0.035258220381526095 0.5106362951807228 0.05643668423694778 0.4808295682730923 0.06506494728915663 0.47847640562248994 0.06898688504016062 0.4549447791164658 0.07604637299196787 0.4267068273092369 0.04702403363453814 0.39611571285140557 0.08232147339357429 0.4196473393574297 0.08781218624497991 0.43925702811244977 0.07996831074297187 0.47847640562248994 0.0627117846385542 0.5082831325301205 0.041533320783132516 0.5247552710843373 0.01721730672690762 0.5553463855421686 0.0 0.572265625
1 0.09114583333333333 0.3717447916666667 0.099609375 0.38671875 0.11588541666666667 0.3919270833333333 0.11328125 0.4069010416666667 0.12369791666666667 0.4303385416666667 0.14908854166666666 0.4466145833333333 0.177734375 0.4498697916666667 0.216796875 0.44140625 0.244140625 0.4303385416666667 0.279296875 0.4348958333333333 0.287109375 0.4615885416666667 0.3151041666666667 0.4895833333333333 0.32421875 0.5123697916666666 0.3352864583333333 0.521484375 0.33984375 0.5364583333333334 0.3567708333333333 0.537109375 0.396484375 0.5455729166666666 0.4303385416666667 0.5670572916666666 0.4856770833333333 0.5944010416666666 0.5377604166666666 0.61328125 0.5553385416666666 0.6302083333333334 0.5696614583333334 0.6315104166666666 0.580078125 0.6217447916666666 0.6067708333333334 0.595703125 0.6458333333333334 0.568359375 0.6940104166666666 0.568359375 0.7350260416666666 0.5462239583333334 0.7630208333333334 0.5657552083333334 0.7884114583333334 0.5670572916666666 0.8111979166666666 0.5618489583333334 0.783203125 0.556640625 0.7421875 0.5358072916666666 0.7578125 0.5130208333333334 0.787109375 0.4772135416666667 0.8125 0.4563802083333333 0.7805989583333334 0.4563802083333333 0.765625 0.4869791666666667 0.728515625 0.5266927083333334 0.7057291666666666 0.546875 0.6907552083333334 0.5540364583333334 0.634765625 0.5559895833333334 0.6002604166666666 0.5787760416666666 0.5852864583333334 0.6067708333333334 0.564453125 0.6178385416666666 0.5390625 0.6028645833333334 0.50390625 0.5846354166666666 0.48046875 0.580078125 0.4348958333333333 0.552734375 0.3880208333333333 0.5286458333333334 0.3541666666666667 0.52734375 0.3391927083333333 0.4993489583333333 0.3209635416666667 0.48828125 0.2994791666666667 0.4459635416666667 0.2858072916666667 0.4244791666666667 0.2942708333333333 0.4127604166666667 0.3111979166666667 0.4225260416666667 0.33203125 0.4036458333333333 0.3079427083333333 0.4029947916666667 0.294921875 0.392578125 0.2838541666666667 0.40234375 0.2552083333333333 0.384765625 0.22981770833333334 0.3756510416666667 0.20703125 0.3561197916666667 0.16861979166666666 0.349609375 0.14322916666666666 0.3307291666666667 0.115234375 0.3255208333333333 0.10611979166666667 0.328125 0.13216145833333334 0.3372395833333333 0.15364583333333334 0.34765625 0.17513020833333334 0.3665364583333333 0.19791666666666666 0.3743489583333333 0.224609375 0.3821614583333333 0.2584635416666667 0.4016927083333333 0.265625 0.4147135416666667 0.23697916666666666 0.423828125 0.19986979166666666 0.4368489583333333 0.16666666666666666 0.4388020833333333 0.142578125 0.4348958333333333 0.12890625 0.4205729166666667 0.12760416666666666 0.3997395833333333 0.12174479166666667 0.3854166666666667
1 0.2730412137681159 0.7203917572463767 0.26596467391304346 0.7366677989130435 0.2574728260869565 0.7324218749999999 0.2652570199275362 0.706946331521739 0.28224071557971014 0.7090692934782609 0.2971014492753623 0.6857167119565217 0.3063009510869565 0.6630717844202898 0.32328464673913043 0.6489187047101449 0.3409759963768116 0.6276890851449275 0.350883152173913 0.5908910778985507 0.3416836503623188 0.5731997282608695 0.33602241847826086 0.5696614583333333 0.33743772644927533 0.5562160326086956 0.3353147644927536 0.5448935688405797 0.34522192028985504 0.5533854166666666 0.35937499999999994 0.580276268115942 0.3629132699275362 0.6064594655797101 0.3544214221014492 0.6199048913043478 0.3445142663043478 0.6439651268115941 0.32611526268115937 0.6567028985507246 0.3140851449275362 0.6765172101449275 0.31266983695652173 0.6984544836956521 0.29922441123188404 0.7083616394927535 0.28224071557971014 0.7196841032608695 0.2815330615942029 0.7331295289855072 0.27233355978260865 0.7359601449275361
1 0.6167102090032155 0.8208149115755627 0.6550190916398714 0.8622638665594856 0.6945840032154341 0.8811043006430869 0.7266127411575563 0.9062248794212219 0.6801396704180065 0.8666599678456592 0.6374346864951769 0.8283510852090032 0.6173382234726689 0.809510651125402
1 0.8878291560913706 0.8878291560913706 0.8442060596446701 0.9230250634517767 0.8308217005076142 0.9235207804568528 0.8427189086294417 0.9041878172588833 0.8774190989847716 0.8803934010152284 0.8853505710659899 0.8739490799492385 0.8744447969543148 0.8328045685279188 0.8635390228426396 0.8050444162436549 0.8769233819796954 0.7767885469543148 0.875436230964467 0.8100015862944162 0.8808891180203046 0.8194202093908629 0.8813848350253807 0.8318131345177665 0.9012135152284264 0.8813848350253807 0.9012135152284264 0.889316307106599
1 0.8947691941624366 0.8982392131979695 0.9036921002538071 0.91360644035533 0.9041878172588833 0.9230250634517767 0.9200507614213198 0.9279822335025381 0.9190593274111675 0.9478109137055838 0.9349222715736041 0.9859811230964467 0.9359137055837563 0.9403751586294417 0.9562381027918782 0.9299651015228426 0.9859811230964467 0.9408708756345178 0.9983740482233503 0.9463237626903553 0.9958954631979695 0.9314522525380711 0.9780496510152284 0.9126150063451777 0.9755710659898478 0.903196383248731 0.9701181789340102 0.9190593274111675 0.9507852157360406 0.9145978743654822 0.9369051395939086 0.9185636104060914 0.9175721763959391 0.8992306472081218 0.9076578362944162 0.8937777601522843
1 0.3396999616564417 0.3744488113496932 0.4079994248466257 0.29177051380368096 0.4109950153374233 0.27739167944785276 0.4265720858895705 0.2881758052147239 0.38822852760736193 0.34509202453987725 0.3786426380368098 0.34868673312883436 0.3462902607361963 0.38523293711656437 0.2863784509202454 0.35647526840490795 0.28937404141104295 0.3480876150306748
1 0.06362452651515152 0.005425347222222222 0.043402777777777776 0.046855271464646464 0.051787405303030304 0.11837121212121213 0.05869239267676768 0.1435250946969697 0.05721275252525253 0.18791429924242425 0.048334911616161616 0.21257496843434343 0.05474668560606061 0.25696417297979796 0.04784169823232323 0.29444839015151514 0.05376025883838384 0.35610006313131315 0.039457070707070704 0.2835976957070707 0.04537563131313131 0.2544981060606061 0.03304529671717172 0.22342566287878787 0.02811316287878788 0.20912247474747475 0.038470643939393936 0.20271070075757575 0.04290956439393939 0.18100931186868688 0.04488241792929293 0.14549794823232323 0.036004577020202023 0.09617660984848485 0.0305792297979798 0.051787405303030304 0.044389204545454544 0.009371054292929294 0.056719539141414144 0.002466066919191919
0 0.2717391304347826 0.19470593944099376 0.2335258152173913 0.19409937888198756 0.23716517857142858 0.21108307453416147 0.20805027173913043 0.20016498447204967 0.19895186335403728 0.17832880434782608 0.18803377329192547 0.18742721273291924 0.1789353649068323 0.17347631987577639 0.1959190605590062 0.1643779114906832 0.18378784937888198 0.1467876552795031 0.16741071428571427 0.13708268633540371 0.18742721273291926 0.13344332298136644 0.16983695652173914 0.1261645962732919 0.1789353649068323 0.10978746118012421 0.20865683229813664 0.12919739906832298 0.24687014751552794 0.12434491459627328 0.24868982919254656 0.08370535714285714 0.22746020962732919 0.08491847826086955 0.2286733307453416 0.07036102484472048 0.25172263198757766 0.05337732919254658 0.28569002329192544 0.049737965838509306 0.27841129658385094 0.043672360248447194 0.2541488742236025 0.04063955745341614 0.2650669642857143 0.01819681677018633 0.2826572204968944 0.013344332298136639 0.2947884316770186 0.01819681677018633 0.2923621894409938 0.03154114906832298 0.2917556288819876 0.038819875776397506 0.28932938664596275 0.060656055900621106 0.30752620341614906 0.06490197981366459 0.304493400621118 0.0764266304347826 0.31662461180124224 0.0982628105590062 0.301460597826087 0.11706618788819874 0.3196574145962733 0.12070555124223602 0.3214770962732919 0.1413286102484472 0.32936238354037267 0.1467876552795031 0.3202639751552795 0.16619759316770186 0.29782123447204967 0.16741071428571427 0.3050999611801242 0.19895186335403725 0.2808375388198758 0.20562402950310557
0 0.3421001552795031 0.23534549689440992 0.31783773291925466 0.24687014751552794 0.3123786878881987 0.27416537267080743 0.2935753105590062 0.2911490683229814 0.30267371894409933 0.2911490683229814 0.29539499223602483 0.33482142857142855 0.284476902173913 0.304493400621118 0.2505095108695652 0.32390333850931674 0.2620341614906832 0.304493400621118 0.2668866459627329 0.2899359472049689 0.2893293866459627 0.2826572204968944 0.26870632763975155 0.25718167701863354 0.281444099378882 0.238378299689441 0.31480493012422356 0.23231269409937888 0.27416537267080743 0.23231269409937888 0.2511160714285714 0.24019798136645962 0.272952251552795 0.22139460403726707 0.2778047360248447 0.21047651397515527 0.3202639751552795 0.19955842391304346 0.33482142857142855 0.22200116459627328 0.36151009316770183 0.21957492236024842 0.3609035326086956 0.21472243788819875 0.3766741071428571 0.20198466614906832 0.37424786490683226 0.21472243788819875 0.39305124223602483 0.22988645186335402 0.41246118012422356 0.2177552406832298 0.413674301242236 0.20259122670807453 0.40518245341614906 0.1843944099378882 0.4288383152173913 0.16255822981366458 0.476756599378882 0.18257472826086957 0.4397564052795031 0.20926339285714285 0.45006793478260865 0.21532899844720496 0.4573466614906832 0.20744371118012422 0.4791828416149068 0.21047651397515527 0.4676581909937888 0.2505095108695652 0.4185267857142857 0.24808326863354035 0.4349039208074534 0.25960791925465837 0.43247767857142855 0.29600155279503104 0.44157608695652173 0.2990343555900621 0.4264120729813664 0.3099524456521739 0.3869856366459627 0.3002474767080745 0.40032996894409933 0.2832637810559006 0.36514945652173914 0.2723456909937888 0.34452639751552794 0.2820506599378882
0 0.3460058233394834 0.4900830258302583 0.3633028713099631 0.4792723708487085 0.35753718865313655 0.4453989852398524 0.3380780096863469 0.4324261992619926 0.3373572993542435 0.41008417896678967 0.3157359893911439 0.39999423431734316 0.33015019603321033 0.3790936346863469 0.33375374769372695 0.3560309040590406 0.3625821609778598 0.34666166974169743 0.3784377882841328 0.3733279520295203 0.4015005189114391 0.3423374077490775 0.37050997463099633 0.32215751845018453 0.38924844326568264 0.312067573800738 0.43537390452029523 0.29909478782287824 0.46996800046125464 0.3243196494464945 0.5038413860701108 0.34738238007380073 0.47357155212177127 0.3610758763837638 0.48654433809963105 0.3769315036900369 0.4548330834870849 0.38774215867158673 0.4375360355166052 0.37621079335793356 0.41735614621771217 0.4021563653136531 0.4440224285055351 0.41008417896678967 0.4757336831180812 0.3971113929889299 0.4930307310885609 0.4028770756457565 0.48654433809963105 0.41152559963099633 0.5312283786900369 0.43314690959409596 0.5326697993542435 0.4482818265682657 0.5420390336715867 0.46413745387453875 0.5427597440036901 0.47638952952029523 0.5153727513837638 0.49873154981549817 0.5074449377306273 0.5290013837638377 0.4778958141143912 0.529722094095941 0.45699521448339486 0.5628747693726938 0.41735614621771217 0.5729647140221402 0.3971762569188192 0.5527848247232472 0.369789264298893 0.5491812730627307
