0 0.3208286411411411 0.9982638888888888 0.2956081081081081 0.9865334084084084 0.3149634009009009 0.978322072072072 0.32141516516516516 0.954274587087087 0.3102712087087087 0.9489958708708709 0.31613644894894893 0.9360923423423423 0.34780874624624625 0.9495823948948948 0.36833708708708707 0.9765625 0.37713494744744747 0.9712837837837838 0.3882789039039039 0.9226022897897898 0.39121152402402404 0.8639498873873873 0.415845533033033 0.8856512762762763 0.4088072447447447 0.82934496996997 0.4217107732732733 0.8387293543543544 0.43344125375375375 0.7882882882882882 0.4340277777777778 0.7724521396396397 0.4205377252252252 0.7747982357357357 0.4246433933933934 0.8064705330330331 0.40939376876876876 0.8017783408408409 0.3929710960960961 0.783596096096096 0.4088072447447447 0.7636542792792793 0.3988363363363363 0.7425394144144144 0.4205377252252252 0.7267032657657657 0.42581644144144143 0.6926848723723723 0.4375469219219219 0.7290493618618619 0.4522100225225225 0.7501642267267267 0.4686326951951952 0.7466450825825826 0.4686326951951952 0.7706925675675675 0.45396959459459457 0.7695195195195195 0.44282563813813813 0.8023648648648648 0.4569022147147147 0.8082301051051051 0.45866178678678676 0.8258258258258258 0.4668731231231231 0.8269988738738738 0.45279654654654655 0.8469406906906907 0.46511355105105107 0.8745073198198198 0.47332488738738737 0.8580846471471472 0.46276745495495497 0.8528059309309309 0.4739114114114114 0.8064705330330331 0.46452702702702703 0.8035379129129129 0.4709787912912913 0.7906343843843844 0.48036317567567566 0.7771443318318318 0.5073432807807807 0.781836524024024 0.4991319444444444 0.8017783408408409 0.5220063813813813 0.7636542792792793 0.5184872372372372 0.7542698948948949 0.4774305555555555 0.7589620870870871 0.48505536786786785 0.7225975975975976 0.5255255255255256 0.6926848723723723 0.6017736486486487 0.7302224099099099 0.5847644519519519 0.7824230480480481 0.5683417792792793 0.8182010135135135 0.5513325825825826 0.855152027027027 0.5255255255255256 0.8745073198198198 0.5507460585585585 0.8991413288288288 0.564236111111111 0.8668825075075075 0.5935623123123123 0.8709881756756757 0.5918027402402403 0.8874108483483484 0.6041197447447447 0.8938626126126126 0.6017736486486487 0.9478228228228228 0.6170232732732732 0.953101539039039 0.6135041291291291 0.9777355480480481 0.6205424174174174 0.9976773648648648
0 0.035779936974789914 0.0009847689075630252 0.03184086134453781 0.009191176470588236 0.03413865546218487 0.03381039915966386 0.07188813025210083 0.05416228991596638 0.04891018907563025 0.058429621848739496 0.04070378151260504 0.07681197478991596 0.030199579831932773 0.09847689075630252 0.02264968487394958 0.09880514705882353 0.023306197478991597 0.078125 0.009191176470588236 0.07287289915966386 0.017725840336134453 0.052521008403361345 0.019367121848739496 0.033482142857142856 0.0 0.03381039915966386 0.0009847689075630252 0.001641281512605042
0 0.019082255747126436 0.10925526819923372 0.020578903256704983 0.12796336206896552 0.0321779214559387 0.11973180076628354 0.049389367816091954 0.13058249521072798 0.032552083333333336 0.14667145593869732 0.013095665708812262 0.1380657327586207 0.006360751915708812 0.10102370689655173
0 0.7152792221297837 0.12479201331114809 0.7308782237936773 0.09944363560732114 0.7360778910149751 0.08449459234608986 0.7438773918469218 0.10594321963394343 0.7321781405990017 0.1316165765391015 0.7416025374376041 0.13876611896838603 0.7419275166389351 0.12804180532445925 0.7601263519134775 0.13974105657237937 0.752976809484193 0.16736428868552414 0.7484271006655574 0.16898918469217972 0.7533017886855241 0.19563747920133112 0.7484271006655574 0.2018120840266223 0.707479721297837 0.17061408069883527 0.6980553244592347 0.17418885191347755 0.6912307612312812 0.15274022462562398 0.6993552412645591 0.14981541181364394 0.6993552412645591 0.1335664517470882 0.7113794717138103 0.1403910149750416 0.701955074875208 0.1228421381031614 0.7120294301164726 0.1267418885191348
0 0.34960471360381856 0.6623843973747016 0.3328236873508353 0.6884882159904534 0.32070405727923623 0.6539938842482099 0.32909457040572787 0.6362805787589498 0.3412142004773269 0.644204952267303 0.33981578162291165 0.6302207637231503 0.33468824582338896 0.6185672732696896 0.35519838902147965 0.6278900656324582 0.3477401551312649 0.6446710918854415 0.36358890214797135 0.6525954653937946 0.3682502983293556 0.6852252386634844
0 0.9988464765100671 0.483037961409396 0.9765625 0.5112206375838926 0.9385486577181208 0.49876782718120805 0.9365824244966443 0.46468645134228187 0.9280620805369127 0.49745700503355705 0.9123322147651006 0.48828125 0.9025010486577181 0.493524538590604 0.881527894295302 0.49549077181208057 0.8743183724832215 0.45747692953020136 0.8952915268456376 0.45157822986577184 0.9070889261744967 0.4751730285234899 0.9352716023489933 0.45223364093959734 0.9293729026845637 0.43388213087248323 0.9392040687919463 0.40701027684563756 0.9326499580536913 0.40111157718120805 0.9234742030201343 0.4312604865771812 0.9241296140939598 0.45944316275167785 0.9057781040268457 0.4489565855704698 0.890703649328859 0.41946308724832215 0.9110213926174496 0.3762059563758389 0.888082005033557 0.385381711409396 0.8743183724832215 0.3519557466442953 0.8795616610738255 0.3296717701342282 0.8605547399328859 0.3519557466442953 0.8474465184563759 0.32049601510067116 0.8526898070469798 0.30279991610738255 0.8467911073825504 0.2988674496644295 0.8540006291946308 0.28313758389261745 0.8618655620805369 0.28903628355704697 0.9031564597315437 0.2687185402684564 0.8979131711409396 0.24446833053691275 0.9051226929530202 0.2175964765100671 0.9313391359060402 0.22349517617449666 0.9418257130872483 0.22087353187919465 0.9490352348993288 0.2123531879194631 0.9824611996644296 0.24577915268456377 0.9975356543624161 0.26544148489932884
0 0.8699247792750929 0.6926696096654276 0.8735551231412639 0.7195341542750929 0.8147435525092936 0.6520097583643123 0.8241824465613383 0.6338580390334573 0.8597598164498141 0.6585443773234201 0.8568555413568774 0.6106238382899628 0.8706508480483272 0.6120759758364313 0.8684726417286246 0.5902939126394052 0.891706842472119 0.618610594795539 0.9011457365241636 0.6265973513011153 0.8902547049256506 0.6324059014869888 0.902597874070632 0.6621747211895911 0.8822679484200744 0.6962999535315986
0 0.9962248322147651 0.86579802852349 0.9831166107382551 0.8703859060402684 0.9831166107382551 0.9398594798657718 0.9614880453020135 0.9549339345637584 0.9745962667785235 0.9877044882550335 0.9575555788590604 0.98967072147651 0.96345427852349 0.9968802432885906 0.9988464765100671 0.9981910654362416
0 0.8926698825503355 0.9955694211409396 0.882838716442953 0.9654205117449665 0.8939807046979866 0.966075922818792 0.8782508389261745 0.9464135906040269 0.8179530201342282 0.9418257130872483 0.8212300755033557 0.98967072147651 0.8009123322147651 0.9909815436241611 0.8113989093959731 0.9601772231543624 0.790425755033557 0.9693529781879194 0.7740404781879194 0.9418257130872483 0.7615876677852349 0.9975356543624161
1 0.4308519647696477 0.2117208672086721 0.377392445799458 0.1879022696476965 0.33293106368563685 0.17678692411924118 0.28846968157181574 0.19213668699186992 0.2561822493224932 0.2297171409214092 0.23130504742547425 0.28264735772357724 0.2117208672086721 0.312817581300813 0.21013296070460705 0.33663617886178865 0.23977388211382114 0.37051151761517614 0.28846968157181574 0.40491615853658536 0.3324017615176152 0.4043868563685637 0.36627710027100274 0.42185382791327913 0.4054454607046071 0.4409087059620596 0.4260882452574526 0.4763719512195122 0.44302591463414637 0.5335365853658537 0.4282054539295393 0.5287728658536586 0.417090108401084 0.4869579945799458 0.3874491869918699 0.4446138211382114 0.3350482723577236 0.4202659214092141 0.2868817750677507 0.4260882452574526 0.24400829945799457 0.3959180216802168 0.20166412601626016 0.35145663956639567 0.19637110433604335 0.32446222899729 0.19954691734417346 0.297997120596206 0.22389481707317074 0.2567115514905149 0.2593580623306233 0.1900194783197832 0.2942920054200542 0.17202320460704607 0.33663617886178865 0.16408367208672087 0.38427337398373984 0.1741404132791328 0.43508638211382117 0.1873729674796748
1 0.44956545857988167 0.5541558801775148 0.47614644970414205 0.6015393860946746 0.48308062130177515 0.616563424556213 0.48019138313609466 0.6575906065088758 0.48365846893491127 0.6731924926035503 0.5131286982248521 0.6939950073964497 0.5379761464497042 0.6974620931952663 0.5709134615384616 0.719998150887574 0.6177191198224852 0.726354474852071 0.6547013683431953 0.7119082840236687 0.6864829881656805 0.6991956360946746 0.7286658653846154 0.6859051405325444 0.7471569896449705 0.70728550295858 0.7564025517751479 0.732132951183432 0.7662259615384616 0.7303994082840237 0.7575582470414202 0.6997734837278107 0.7396449704142012 0.6726146449704142 0.7171089127218935 0.6720367973372782 0.677815273668639 0.6870608357988166 0.6177191198224852 0.7049741124260355 0.579581176035503 0.7084411982248521 0.5258413461538461 0.6824380547337279 0.4929040310650888 0.6685697115384616 0.4894369452662722 0.6338988535502958 0.48770340236686394 0.5998058431952663 0.4599667159763314 0.5576229659763314 0.4570774778106509 0.5437546227810651
1 0.9010877581120944 0.9829000737463126 0.9224050516224188 0.9483314896755162 0.917795907079646 0.9327756268436578 0.91203447640118 0.9327756268436578 0.9005116150442477 0.9598543510324483 0.8647907448377581 0.9298949115044247 0.8515394542772861 0.9143390486725663 0.8452018805309734 0.8959024705014749 0.8256130162241888 0.8699760324483775 0.8210038716814159 0.8521155973451328 0.8417450221238938 0.8423211651917404 0.8693998893805309 0.8382881637168141 0.8953263274336283 0.8365597345132743 0.8976308997050148 0.8307983038348082 0.8803466076696165 0.8296460176991151 0.8503871681415929 0.8307983038348082 0.8250368731563421 0.8400165929203539 0.8089048672566371 0.8400165929203539 0.7996865781710915 0.8233084439528023 0.7939251474926253 0.8054480088495575 0.7818261430678466 0.7950774336283185 0.78125 0.8094810103244837 0.7910444321533923 0.8382881637168141 0.8060241519174041 0.8480825958702065 0.810633296460177 0.8647907448377581 0.8192754424778761 0.882651179941003 0.8342551622418879 0.901663901179941 0.8463541666666666 0.9270141961651918 0.872280604719764 0.9460269174041298 0.8866841814159292 0.963311209439528 0.8895648967551623 0.9857807890855457
