1 0.09572458791208792 0.9988839285714286 0.09915865384615385 0.9804258241758242 0.1068853021978022 0.9555288461538461 0.11847527472527473 0.9336366758241759 0.13092376373626374 0.9207589285714286 0.11461195054945056 0.9130322802197802 0.10388049450549451 0.8988667582417583 0.09057348901098901 0.8713942307692308 0.0811298076923077 0.8482142857142857 0.06567651098901099 0.8482142857142857 0.04850618131868132 0.8550824175824177 0.03949175824175824 0.873540521978022 0.00987293956043956 0.8829842032967034 0.0012877747252747253 0.8855597527472527 0.0 0.8726820054945055 0.01201923076923077 0.8705357142857143 0.03605769230769231 0.8580872252747254 0.04764766483516484 0.8477850274725275 0.05537431318681319 0.8417754120879121 0.07984203296703297 0.8387706043956045 0.0811298076923077 0.834478021978022 0.07726648351648352 0.8241758241758242 0.06438873626373627 0.811298076923077 0.07426167582417582 0.809581043956044 0.08155906593406594 0.8190247252747253 0.08928571428571429 0.8276098901098902 0.09915865384615385 0.8563701923076923 0.1120364010989011 0.8889938186813188 0.12405563186813187 0.9104567307692308 0.14466002747252749 0.9100274725274725 0.16183035714285715 0.9044471153846154 0.18372252747252749 0.9113152472527473 0.20604395604395606 0.914320054945055 0.22965315934065936 0.9061641483516484 0.2622767857142857 0.8997252747252747 0.2700034340659341 0.9023008241758242 0.2850274725274725 0.8932864010989011 0.2949004120879121 0.8709649725274725 0.2961881868131868 0.8409168956043956 0.300051510989011 0.8216002747252747 0.30606112637362637 0.797132554945055 0.32237293956043955 0.7692307692307693 0.3275240384615385 0.7516311813186813 0.33310439560439564 0.7357486263736264 0.3382554945054945 0.717290521978022 0.33739697802197804 0.6876717032967034 0.33310439560439564 0.6709306318681318 0.341796875 0.6791548295454546 0.35462042297979796 0.6766887626262627 0.3472222222222222 0.6880326704545454 0.35018150252525254 0.705295138888889 0.35018150252525254 0.7294625946969697 0.3427833017676768 0.745245422979798 0.3324258207070707 0.7536300505050505 0.33439867424242425 0.7674400252525253 0.32897332702020204 0.7738517992424242 0.3255208333333333 0.7856889204545454 0.31861584595959597 0.8049242424242424 0.31171085858585856 0.8177477904040404 0.31319049873737376 0.8448745265151515 0.32749368686868685 0.8522727272727273 0.35067471590909094 0.8685487689393939 0.36793718434343436 0.8838383838383839 0.3916114267676768 0.9011008522727273 0.41035353535353536 0.9168836805555556 0.41331281565656564 0.9282275883838383 0.43156171085858586 0.9425307765151515 0.4404395517676768 0.9666982323232324 0.45918166035353536 0.9740964330808081 0.4784169823232323 0.970150726010101 0.5050505050505051 0.970150726010101 0.5385890151515151 0.9755760732323232 0.5568379103535354 0.9810014204545454 0.5829782196969697 0.9775489267676768 0.6110913825757576 0.9657118055555556 0.6387113320707071 0.9558475378787878 0.6658380681818182 0.9588068181818182 0.6974037247474748 0.9760692866161617 0.726010101010101 0.9790285669191919 0.7432725694444444 0.99185211489899 0.7526436237373737 0.9967842487373737 0.7309422348484849 0.9992503156565656 0.7186119002525253 0.9933317550505051 0.6850733901515151 0.9834674873737373 0.6594262941919192 0.9765625 0.6406841856060607 0.9790285669191919 0.6130642361111112 0.9888928345959596 0.6031999684343434 0.9987571022727273 0.44438525883838387 0.9992503156565656 0.43550741792929293 0.9819878472222222 0.4216974431818182 0.9523950441919192 0.4054214015151515 0.9292140151515151 0.384213226010101 0.9163904671717171 0.34968828914141414 0.8863044507575758 0.31614977904040403 0.866082702020202 0.3023398042929293 0.8616437815656566 0.299380523989899 0.8759469696969697 0.29740767045454547 0.8932094381313131 0.2835976957070707 0.9154040404040404 0.2648555871212121 0.9232954545454546 0.24512705176767677 0.9218158143939394 0.20616319444444445 0.9316800820707071 0.17755681818181818 0.9242818813131313 0.1617739898989899 0.9208293876262627 0.14796401515151517 0.9306936553030303 0.13366082702020202 0.9371054292929293 0.12379655934343435 0.9548611111111112 0.1129458648989899 0.9780421401515151 0.10653409090909091 0.9962910353535354
1 0.6934580176767677 0.9459832702020202 0.6806344696969697 0.9440104166666666 0.6806344696969697 0.9144176136363636 0.6845801767676768 0.855725220959596 0.6954308712121212 0.836489898989899 0.705295138888889 0.8419152462121212 0.7003630050505051 0.8739741161616161 0.6998697916666666 0.9218158143939394
1 0.9243548627684963 0.85816303699284 0.8851991348448687 0.8609598747016706 0.836254474940334 0.8600275954653938 0.8003617243436754 0.8493063842482099 0.7817161396181384 0.836254474940334 0.7556123210023865 0.8334576372315035 0.7351021778042959 0.8218041467780429 0.7523493436754176 0.8232025656324582 0.7812499999999999 0.8255332637231503 0.8022262828162291 0.836254474940334 0.8213380071599045 0.8493063842482099 0.842780429594272 0.8507048031026252 0.8782070405727923 0.8530355011933174 0.9094383949880668 0.8507048031026252 0.922956443914081 0.8502386634844868 0.954653937947494 0.8493063842482099 0.9942758054892601 0.8539677804295942 0.9984710620525059 0.8618921539379474 0.9728333830548925 0.861426014319809 0.9509248210023865 0.8576968973747016
1 0.7497479838709677 0.7040700604838709 0.7381972446236559 0.7019699260752688 0.7308467741935484 0.7224462365591398 0.7345220094086021 0.7413474462365591 0.7219212029569892 0.7439726142473118 0.7213961693548386 0.7560483870967741 0.7124705981182795 0.7518481182795699 0.7150957661290323 0.7413474462365591 0.7150957661290323 0.7271715389784946 0.7240213373655914 0.7093203965053763 0.7077452956989247 0.7082703293010753 0.6977696572580645 0.6940944220430108 0.6788684475806451 0.6720430107526881 0.6678427419354839 0.6589171706989247 0.6583921370967741 0.6368657594086021 0.6384408602150538 0.6169144825268816 0.6132392473118279 0.6043136760752688 0.6048387096774194 0.5948630712365591 0.6095640120967741 0.5880376344086021 0.6258400537634409 0.6001134072580645 0.6489415322580645 0.614289314516129 0.6673177083333333 0.6331905241935484 0.6825436827956989 0.6610173051075269 0.7066952284946236 0.6867439516129031 0.7166708669354839 0.6977696572580645 0.7329469086021505 0.6993447580645161 0.7528981854838709 0.690419186827957 0.7707493279569892 0.6610173051075269 0.7696992607526881 0.642641129032258 0.7759996639784946 0.6295152889784946 0.7786248319892473 0.6064138104838709 0.7738995295698924 0.5759618615591398 0.7775747647849462 0.5554855510752688 0.78125 0.5245085685483871 0.7759996639784946 0.5129578293010753 0.7865003360215054 0.48513104838709675 0.7896505376344085 0.46255460349462363 0.7791498655913978 0.4300025201612903 0.7791498655913978 0.4184517809139785 0.7597236223118279 0.4132014448924731 0.7135206653225806 0.412151377688172 0.6704679099462365 0.4116263440860215 0.6232148857526881 0.40585097446236557 0.6064138104838709 0.39745043682795694 0.5843623991935484 0.39430023521505375 0.5413096438172043 0.376974126344086 0.523458501344086 0.37329889112903225 0.49878192204301075 0.3822244623655914 0.474630376344086 0.383799563172043 0.4441784274193548 0.37067372311827956 0.4168766801075269 0.36384828629032256 0.3890498991935484 0.3612231182795699 0.3659484206989247 0.36384828629032256 0.33444640456989244 0.3585979502688172 0.31607022849462363 0.36489835349462363 0.3050445228494624 0.3864247311827957 0.3018943212365591 0.40585097446236557 0.30661962365591394 0.44155325940860213 0.3050445228494624 0.46202956989247307 0.30661962365591394 0.4935315860215054 0.3123949932795699 0.5276587701612903 0.3197454637096774 0.5549605174731183 0.33602150537634407 0.5691364247311828 0.3465221774193548 0.5875126008064516 0.3675235215053763 0.5917128696236559 0.39430023521505375 0.5980132728494624 0.4132014448924731 0.6064138104838709 0.42895245295698925 0.5911878360215054 0.45310399865591394 0.5686113911290323 0.4720052083333333 0.5533854166666666 0.47778057795698925 0.5155829973118279 0.47358030913978494 0.4956317204301075 0.48040574596774194 0.4772555443548387 0.48040574596774194 0.4520539314516129 0.48040574596774194 0.42212701612903225 0.4856560819892473 0.4006006384408602 0.49510668682795694 0.38274949596774194 0.49458165322580644 0.39482526881720426 0.4888062836021505 0.41950184811827956 0.48985635080645157 0.44627856182795694 0.49038138440860213 0.47673051075268813 0.48355594758064513 0.4846060147849462 0.4846060147849462 0.508757560483871 0.4840809811827957 0.5203082997311828 0.48933131720430106 0.5245085685483871 0.48355594758064513 0.530283938172043 0.4830309139784946 0.5455099126344086 0.4788306451612903 0.5565356182795699 0.49038138440860213 0.5623109879032258 0.5040322580645161 0.5575856854838709 0.5129578293010753 0.5544354838709677 0.5134828629032258 0.5617859543010753 0.501932123655914 0.5670362903225806 0.4861811155913978 0.5701864919354839 0.47358030913978494 0.5623109879032258 0.4578293010752688 0.5796370967741935 0.44365339381720426 0.5948630712365591 0.4158266129032258 0.6148143481182795 0.39902553763440857 0.6337155577956989 0.3822244623655914 0.6557669690860215 0.36489835349462363 0.6715179771505376 0.36647345430107525 0.6589171706989247 0.383799563172043 0.6394909274193548 0.39745043682795694 0.622164818548387 0.40847614247311825 0.6137642809139785 0.38274949596774194 0.6037886424731183 0.3475722446236559 0.5974882392473118 0.3381216397849462 0.6158644153225806 0.3375966061827957 0.6400159610215054 0.33602150537634407 0.6599672379032258 0.32867103494623656 0.6599672379032258 0.33129620295698925 0.6342405913978494 0.33602150537634407 0.6095640120967741 0.33864667338709675 0.5932879704301075 0.3328713037634408 0.5728116599462365 0.3165952620967742 0.5602108534946236 0.3139700940860215 0.5717615927419355 0.31081989247311825 0.5581107190860215 0.30609459005376344 0.5292338709677419 0.2987441196236559 0.5119077620967741 0.2987441196236559 0.4935315860215054 0.29664398521505375 0.45572916666666663 0.2934937836021505 0.4305275537634408 0.28981854838709675 0.4079511088709677 0.25998118729096986 0.4128344481605351 0.22732023411371235 0.4245923913043478 0.18682065217391303 0.4258988294314381 0.16003867056856186 0.42785848662207354 0.1502403846153846 0.44418896321070234 0.13782922240802675 0.4696645066889632 0.12803093645484948 0.4977529264214047 0.11621397975077882 0.514748831775701 0.11256327881619937 0.49649532710280375 0.12169003115264798 0.4715488707165109 0.13325058411214954 0.4581629672897196 0.14602803738317757 0.42834890965732086 0.1326421339563863 0.41557145638629284 0.12716608255451714 0.4046193535825545 0.11682242990654206 0.3887996495327103 0.12108158099688474 0.3833235981308411 0.1387266355140187 0.3924503504672897 0.13994353582554517 0.4070531542056075 0.15819704049844238 0.4076616043613707 0.18070969626168223 0.40827005451713394 0.22512655763239875 0.4009686526479751 0.2531152647975078 0.3900165498442368 0.2823208722741433 0.38819119937694707 0.29083917445482865 0.37115459501557635 0.29692367601246106 0.35655179127725856 0.30605042834890966 0.34742503894080995 0.3005743769470405 0.3206532320872274 0.29266452492211836 0.30118282710280375 0.29205607476635514 0.2774532710280374 0.2835377725856698 0.2579828660436137 0.28475467289719625 0.23547021028037382 0.28962227414330216 0.21113220404984423 0.2835377725856698 0.18253504672897197 0.2774532710280374 0.14663648753894082 0.2622420171339564 0.11499707943925233 0.24398851246105918 0.09552667445482867 0.22390965732087229 0.07544781931464174 0.1965294003115265 0.06632106697819315 0.16671534267912771 0.06084501557632399 0.14359423676012462 0.049892912772585674 0.12473228193146417 0.030422507788161995 0.1052618769470405 0.014602803738317757 0.09735202492211838 0.0006084501557632398 0.10587032710280374 0.0 0.11621397975077882 0.013385903426791277 0.13507593457943926 0.022512655763239877 0.14541958722741433 0.03650700934579439 0.1709744937694704 0.04928446261682243 0.20687305295950156 0.05841121495327103 0.2306026090342679 0.06814641744548287 0.24824766355140188 0.08579147196261683 0.268934968847352 0.11073792834890966 0.28718847352024923 0.14298578660436137 0.29205607476635514 0.17036604361370716 0.29935747663551404 0.19896320093457945 0.29996592679127726 0.2226927570093458 0.29631522585669784 0.24398851246105918 0.29874902647975077 0.2640673676012461 0.3048335280373832 0.29448987538940813 0.3097011292834891 0.3066588785046729 0.30544197819314645 0.31213492990654207 0.31335183021806856 0.33343068535825543 0.314568730529595 0.35776869158878505 0.3389067367601246 0.35168419003115264 0.3662869937694704 0.35594334112149534 0.403402453271028 0.35350954049844235 0.44173481308411217 0.35959404205607476 0.4678981697819315 0.37176304517133957 0.5001460280373832 0.36811234423676015 0.5281347352024922 0.36324474299065423 0.5208333333333334 0.34985883956386293 0.5196164330218068 0.3328222352024922 0.5323938862928349 0.33951518691588783 0.5323938862928349 0.35290109034267914 0.5500389408099688 0.36567854361370716 0.5780276479750779 0.3735883956386293 0.611492406542056 0.3845404984423676 0.6273121105919003 0.3918419003115265 0.6577346183800623 0.3942757009345794 0.6936331775700935 0.3991433021806854 0.7197965342679128 0.3973179517133956 0.7490021417445483 0.4027940031152648 0.7800330996884736 0.40948695482866043 0.7915936526479751 0.3942757009345794 0.806804906542056 0.3894080996884735 0.8159316588785047 0.3827151479750779 0.8171485591900312 0.3942757009345794 0.8025457554517134 0.4088785046728972 0.7873345015576324 0.42348130841121495 0.7915936526479751 0.4435601635514019 0.8007204049844237 0.4557291666666667 0.7976781542056075 0.49101927570093457 0.7928105529595015 0.5080558800623053 0.7903767523364486 0.5348276869158879 0.7958528037383178 0.5457797897196262 0.786117601246106 0.5518642912772586 0.7885514018691588 0.5877628504672897 0.7873345015576324 0.6066248052959502 0.7879429517133957 0.6327881619937695 0.7824669003115264 0.6461740654205608 0.78125 0.6680782710280374 0.7721232476635514 0.6881571261682243
1 0.03130008012820513 0.8131760817307692 0.023788060897435896 0.7856320112179487 0.036308092948717945 0.7530799278846153 0.03130008012820513 0.720527844551282 0.025666065705128204 0.6892277644230769 0.0 0.6867237580128205 0.00250400641025641 0.6691957131410257 0.020658052884615384 0.6742037259615384 0.03693409455128205 0.6560496794871795 0.05383613782051282 0.629131610576923 0.058218149038461536 0.6053435496794871 0.048828125 0.5890675080128205 0.06573016826923077 0.5972055288461539 0.08263221153846154 0.5853114983974359 0.09014423076923077 0.5659054487179487 0.0982822516025641 0.543369391025641 0.10892427884615384 0.5383613782051282 0.10391626602564102 0.5521334134615384 0.09640424679487179 0.5671574519230769 0.08451021634615384 0.5903195112179487 0.07950220352564102 0.6159855769230769 0.06823417467948718 0.6316356169871795 0.05446213942307692 0.6566756810897436 0.045072115384615384 0.6854717548076923 0.04444611378205128 0.7261618589743589 0.04695012019230769 0.7430639022435898 0.043820112179487176 0.7612179487179487 0.03693409455128205 0.7862580128205128
1 0.059628115264797506 0.3723714953271028 0.03285630841121495 0.36872079439252337 0.009126752336448598 0.35350954049844235 0.0018253504672897196 0.34377433800623053 0.0006084501557632398 0.3291715342679128 0.022512655763239877 0.33647293613707163 0.04319996105919003 0.3419489875389408 0.06814641744548287 0.35290109034267914 0.10343652647975078 0.36141939252336447 0.12594918224299065 0.37906444704049846 0.09796047507788162 0.3705461448598131
1 0.4984041539634146 0.10658822408536585 0.47577648628048774 0.12326124237804877 0.4620807926829268 0.15482088414634146 0.46922637195121947 0.2012671493902439 0.49006764481707316 0.25307259908536583 0.5079315929878049 0.28939596036585363 0.5246046112804877 0.3209556021341463 0.5144817073170731 0.32631478658536583 0.5085270579268293 0.3090463033536585 0.4924495045731707 0.2798685213414634 0.4704173018292683 0.23223132621951217 0.4549352134146341 0.19948075457317072 0.4555306783536585 0.14707983993902438 0.4668445121951219 0.12445217225609755 0.49006764481707316 0.10301543445121951
1 0.8731259735202492 0.15515478971962618 0.8408781152647975 0.14663648753894082 0.8049795560747663 0.1277745327102804 0.8098471573208723 0.14785338785046728 0.8128894080996885 0.18010124610591902 0.8013288551401869 0.2275603582554517 0.7830753504672897 0.2518983644859813 0.7648218457943925 0.2677180685358255 0.7678640965732088 0.27988707165109034 0.7763823987538941 0.2634589174454829 0.7995035046728972 0.24459696261682243 0.8086302570093458 0.22938570872274144 0.814106308411215 0.19896320093457945 0.8189739096573209 0.17462519470404986 0.8220161604361371 0.15332943925233644 0.8390527647975078 0.16428154205607476 0.8396612149532711 0.17219139408099687 0.8469626168224299 0.16428154205607476
1 0.0026318705673758873 0.12674534574468085 0.031028368794326244 0.13090093085106383 0.03033577127659575 0.11497118794326242 0.05457668439716312 0.08657468971631206 0.07396941489361702 0.07203014184397163 0.08297318262411348 0.041555851063829786 0.06842863475177305 0.06164117907801419 0.052498891843971635 0.07133754432624113 0.031028368794326244 0.0983488475177305 0.021332003546099293 0.11012300531914894 0.0 0.107421875
0 0.35112359550561795 0.0016458918539325842 0.3439913974719101 0.016458918539325844 0.31985165028089885 0.012069873595505617 0.3297270014044944 0.03291783707865169 0.3143653441011236 0.05266853932584269 0.33356741573033705 0.05047401685393258 0.33466467696629215 0.07571102528089887 0.3143653441011236 0.06857882724719101 0.3225948033707865 0.09436446629213482 0.3439913974719101 0.08668363764044944 0.361547577247191 0.09985077247191011 0.35276948735955055 0.11685832162921349 0.32094891151685395 0.10588570926966293 0.2913228581460674 0.12234462780898876 0.29955231741573035 0.16952686095505617 0.3149139747191011 0.20079880617977527 0.33521330758426965 0.20573648174157302 0.35057496488764045 0.21616046348314608 0.3774578651685393 0.1991529143258427 0.35606127106741575 0.22823033707865167 0.34673455056179775 0.2556618679775281 0.35057496488764045 0.27650983146067415 0.38184691011235955 0.2792529845505618 0.3609989466292135 0.3105249297752809 0.38184691011235955 0.341796875 0.410375702247191 0.33137289325842695 0.4372586025280899 0.34508865870786515 0.45975245786516855 0.3609989466292135 0.48005179073033705 0.40104898174157305 0.5096778441011236 0.4142161165730337 0.5453388342696629 0.43616134129213485 0.5480819873595506 0.4026948735955056 0.5596032303370786 0.38349280196629215 0.5552141853932584 0.35825579353932585 0.5157127808988764 0.35825579353932585 0.5030942766853933 0.3319215238764045 0.4899271418539326 0.30613588483146065 0.4575579353932584 0.3011982092696629 0.45042573735955055 0.2699262640449438 0.43670997191011235 0.23207075140449437 0.44439080056179775 0.215063202247191 0.46798191713483145 0.22000087780898875 0.4646901334269663 0.20079880617977527 0.478954529494382 0.19092345505617977 0.49321892556179775 0.19202071629213482 0.5058374297752809 0.17446453651685392 0.5310744382022472 0.16458918539325842 0.5414984199438202 0.15690835674157302 0.5420470505617977 0.19037482443820225 0.5316230688202247 0.21945224719101122 0.5239422401685393 0.23920294943820225 0.48828125 0.24139747191011235 0.4860867275280899 0.25511323735955055 0.5025456460674157 0.28583655196629215 0.5102264747191011 0.3050386235955056 0.5310744382022472 0.2973577949438202 0.5272340238764045 0.3258865870786517 0.5354634831460674 0.35276948735955055 0.5541169241573034 0.3631934691011236 0.5656381671348315 0.3472831811797753 0.5777080407303371 0.35825579353932585 0.5694785814606741 0.33137289325842695 0.5793539325842697 0.3160112359550562 0.5919724367977528 0.30942766853932585 0.5859375 0.2913228581460674 0.5831943469101124 0.26882900280898875 0.5738676264044944 0.2622454353932584 0.5831943469101124 0.2501755617977528 0.5996532654494382 0.2501755617977528 0.5903265449438202 0.23207075140449437 0.5969101123595506 0.2167090941011236 0.5925210674157303 0.19256934691011235 0.5903265449438202 0.17117275280898875 0.6012991573033708 0.1717213834269663 0.605688202247191 0.19586113061797752 0.6215984901685393 0.19366660814606743 0.6418978230337079 0.18488851825842698 0.6435437148876404 0.17501316713483145 0.6051395716292135 0.16074877106741572 0.5853888693820225 0.16129740168539325 0.5667354283707865 0.14483848314606743 0.5541169241573034 0.12399051966292135 0.5409497893258427 0.1404494382022472 0.5272340238764045 0.12234462780898876 0.5179073033707865 0.1426439606741573 0.5069346910112359 0.12673367275280897 0.49870523174157305 0.09491309691011236 0.5014483848314607 0.07187061095505617 0.518455933988764 0.07900280898876405 0.5321716994382022 0.09601035814606741 0.5431443117977528 0.07241924157303371 0.5524710323033708 0.08723226825842696 0.5694785814606741 0.07790554775280899 0.5700272120786517 0.05266853932584269 0.5628950140449438 0.029626053370786515 0.5338175912921348 0.029626053370786515 0.5283312851123595 0.058703476123595506 0.5211990870786517 0.06857882724719101 0.5124209971910112 0.05266853932584269 0.4959620786516854 0.058703476123595506 0.46414150280898875 0.05541169241573034 0.44823121488764045 0.029077422752808987 0.4438421699438202 0.0005486306179775281
0 0.7152748745819397 0.2188283862876254 0.7361778846153846 0.2109897575250836 0.7270328177257525 0.19335284280936454 0.7531615802675585 0.18551421404682272 0.7688388377926421 0.21556229096989965 0.7753710284280936 0.2057640050167224 0.7845160953177257 0.2149090719063545 0.7766774665551839 0.24038461538461536 0.7505487040133779 0.24691680602006688 0.7139684364548494 0.2678198160535117 0.7074362458193979 0.2861099498327759 0.6832671404682273 0.27500522575250835 0.6682431020066889 0.24757002508361203 0.6682431020066889 0.2397313963210702 0.647340091973244 0.2279734531772575 0.6447272157190636 0.2057640050167224 0.6460336538461539 0.18616743311036787 0.664323787625418 0.1913931856187291 0.6832671404682273 0.17832880434782608 0.7054765886287625 0.16591764214046822 0.7198474080267558 0.18747387123745818
0 0.628424310064935 0.46164772727272724 0.630960836038961 0.5079393262987013 0.6074979707792207 0.4889153814935065 0.5738890016233766 0.5459872159090909 0.5580357142857143 0.5745231331168831 0.540914163961039 0.5732548701298701 0.5377435064935064 0.533304586038961 0.5497920048701298 0.49272017045454547 0.5916446834415584 0.4876471185064935 0.5948153409090909 0.4597453327922078 0.6094003652597403 0.44389204545454547 0.6170099431818181 0.4451603084415584 0.6290584415584416 0.4223315746753247 0.6569602272727273 0.42677049512987014 0.7013494318181818 0.4210633116883117 0.7045200892857143 0.4489650974025974 0.688666801948052 0.45276988636363635 0.6880326704545454 0.46164772727272724 0.7133979301948051 0.4565746753246753 0.7121296672077921 0.4977932224025974 0.6880326704545454 0.5028662743506493 0.6582284902597403 0.48828125 0.6525213068181818 0.46101359577922074
0 0.6487165178571428 0.540914163961039 0.6563260957792207 0.5631087662337663 0.6353997564935064 0.5656452922077922 0.6404728084415584 0.5878398944805194 0.6664721996753247 0.6017907873376623 0.6918374594155844 0.5929129464285714 0.7032518262987013 0.6074979707792207 0.7165685876623377 0.5745231331168831 0.7165685876623377 0.5485237418831169 0.7241781655844156 0.5142806412337663 0.6943739853896104 0.5263291396103896 0.6690087256493507 0.532036323051948 0.6893009334415584 0.5554991883116883
0 0.06975446428571429 0.22030784970238096 0.06161644345238095 0.1976376488095238 0.07847377232142858 0.16392299107142858 0.08254278273809525 0.19647507440476192
0 0.8983549735915494 0.6829060299295775 0.9134848151408451 0.7276078345070423 0.9464953785211269 0.7234815140845071 0.9513094190140845 0.6973481514084507 0.9217374559859155 0.6787797095070423 0.9176111355633804 0.6443937059859155 0.8942286531690141 0.6691516285211268
0 0.997748940677966 0.025820974576271184 0.9394862288135593 0.003972457627118644 0.9222722457627118 0.037738347457627115 0.9514036016949152 0.06223516949152542 0.9619968220338982 0.10725635593220338 0.942134533898305 0.1370497881355932 0.9533898305084745 0.1694915254237288 0.970603813559322 0.1694915254237288 0.9990730932203389 0.18802966101694915
0 0.8328952718401487 0.01960385687732342 0.8750072606877324 0.07914149628252788 0.8975153926579926 0.031220957249070633 0.8800897421003717 0.031220957249070633 0.8815418796468402 0.006534618959107807 0.8677465729553904 0.015247444237918215 0.8466905785315986 0.005082481412639405
