0 0.6871517684108527 0.9970021802325582 0.6916939195736433 0.9258418120155039 0.7007782218992248 0.9258418120155039 0.7212179021317829 0.9038880813953488 0.7378724563953488 0.9659641472868217 0.7469567587209303 0.9742914244186046 0.7514989098837209 0.9553657945736433 0.7386294815891473 0.9356831395348837 0.7537699854651163 0.8842054263565892 0.7613402374031008 0.8902616279069767 0.7689104893410853 0.8667938468992248 0.773452640503876 0.8675508720930233 0.7817799176356589 0.8402979651162791 0.7795088420542635 0.8001756298449613 0.7938923207364341 0.8100169573643411 0.8097898498062015 0.7638384205426356 0.8309865552325582 0.8122880329457364 0.8332576308139534 0.8289425872093023 0.8362857315891472 0.8274285368217054 0.8362857315891472 0.8516533430232558 0.8483981346899224 0.8834484011627907 0.8377997819767442 0.8804203003875969 0.840827882751938 0.9061591569767442 0.847641109496124 0.9114583333333333 0.8377997819767442 0.9515806686046512 0.8249303536821705 0.9508236434108527 0.8211452277131782 0.9992732558139534
0 0.004375670600858361 0.9958422746781116 0.0194641899141631 0.9715329935622318 0.04148230088495575 0.9742579277286135 0.04897216076696165 0.9800193584070797 0.04033001474926254 0.9857807890855457 0.02189343657817109 0.9834762168141593 0.020741150442477874 0.9990320796460177 0.03456858407079646 0.9973036504424778 0.05530973451327433 0.9852046460176991 0.06279959439528024 0.9915422197640118 0.04609144542772861 0.9990320796460177 0.07201788348082595 0.9973036504424778 0.06913716814159292 0.9627350663716814 0.07662702802359882 0.9414177728613569 0.09506360619469026 0.947179203539823 0.09563974926253686 0.9264380530973451 0.10601032448377581 0.9247096238938053 0.10197732300884955 0.888412610619469 0.08814988938053098 0.891293325958702 0.08181231563421829 0.8682476032448377 0.09448746312684365 0.8359835914454277 0.09160674778761062 0.8140901548672566 0.09506360619469026 0.7950774336283185 0.08757374631268436 0.7651179941002949 0.07835545722713864 0.7599327064896755 0.07662702802359882 0.7668464233038348 0.07720317109144542 0.7466814159292036 0.0829646017699115 0.7345824115044247 0.08238845870206489 0.7138412610619469 0.08987831858407079 0.6804249631268436 0.08642146017699115 0.6579553834808259 0.07489859882005899 0.6936762536873156 0.06971331120943952 0.6948285398230089 0.07374631268436578 0.6763919616519174 0.06625645280235988 0.6596838126843657 0.07489859882005899 0.637214233038348 0.08181231563421829 0.631452802359882 0.07720317109144542 0.602069505899705 0.06568030973451328 0.6107116519174041 0.06971331120943952 0.6251152286135693 0.06395188053097345 0.6291482300884955 0.0604950221238938 0.612440081120944 0.06913716814159292 0.5911227876106194 0.058190449852507375 0.5611633480825958 0.07201788348082595 0.5358130530973451 0.05876659292035398 0.497787610619469 0.050124446902654864 0.4983637536873156 0.061647308259587016 0.4758941740412979 0.059342735988200584 0.4660997418879056 0.04954830383480826 0.46206674041297935 0.057614306784660764 0.39984328908554573 0.029959439528023598 0.4516961651917404 0.012675147492625369 0.48568860619469023 0.0017284292035398229 0.49433075221238937 0.0017284292035398229 0.9846285029498525
0 0.0864497950819672 0.6481447599531616 0.08782201405152223 0.6216151932084308 0.09651273419203746 0.6179559426229507 0.09879976580796251 0.6325929449648712 0.1097775175644028 0.628476288056206 0.10657567330210772 0.6591225117096018 0.11892564402810303 0.6847372658079625 0.1093201112412178 0.7030335187353629 0.11297936182669788 0.7158408957845432 0.09605532786885244 0.6993742681498828 0.10154420374707258 0.6806206088992973 0.09331088992974237 0.6499743852459016
0 0.224609375 0.0 0.25585522823779194 0.028197983014861996 0.2865412685774947 0.03566215498938429 0.2981522027600849 0.04976114649681529 0.2724422770700637 0.045199708067940554 0.25502587579617836 0.04934647027600849 0.26788083864118895 0.07961783439490445 0.2794917728237792 0.07795912951167729 0.2911027070063694 0.13394041932059447 0.28819997346072185 0.15094214437367304 0.2993962314225053 0.1662851645435244 0.3018842887473461 0.13767250530785563 0.3130805467091295 0.16379710721868365 0.31722730891719747 0.19116573779193205 0.2993962314225053 0.22558386411889597 0.277833067940552 0.26705148619957536 0.28363853503184716 0.29524946921443734 0.2716129246284501 0.3284235668789809 0.27493033439490444 0.3499867303609342 0.2927614118895966 0.37196457006369427 0.3068604033970276 0.3761113322717622 0.30437234607218683 0.39394240976645434 0.308104432059448 0.4200670116772824 0.30768975583864117 0.49678211252653925 0.30146961252653925 0.53161491507431 0.28363853503184716 0.5320295912951167 0.2645634288747346 0.5266388004246284 0.26000199044585987 0.543640525477707 0.26912486730360935 0.559812898089172 0.2869559447983015 0.557739516985138 0.296078821656051 0.559812898089172 0.29151738322717624 0.5805467091295117 0.29732285031847133 0.5996218152866242 0.3052016985138004 0.5830347664543525 0.2998109076433121 0.616208864118896 0.31805666135881105 0.6452361995753716 0.291932059447983 0.6643113057324841 0.2695395435244161 0.6166235403397028 0.2633194002123142 0.5967190817409767 0.275759686836518 0.5797173566878981 0.24797638004246284 0.5834494426751592 0.2570992569002123 0.571838508492569 0.2446589702760085 0.5386644108280255 0.25461119957537154 0.49305002653927815 0.23512141719745222 0.4971967887473461 0.21480228237791932 0.5166865711252654 0.21687566348195328 0.49263535031847133 0.19033638535031847 0.503416932059448 0.1749933651804671 0.5282975053078556 0.1613090498938429 0.48973261677282376 0.1512363363892807 0.4790528032440057 0.1449003878702398 0.4911737482369535 0.12754539844851903 0.48841898801128353 0.12561706629055008 0.46996209449929477 0.1168018335684062 0.4603204337094499 0.1242396861777151 0.43965973201692526 0.11652635754583922 0.43910877997179126 0.11377159732016925 0.4487504407616361 0.10660922073342737 0.42671235895627646 0.0977939880112835 0.4236821227080395 0.08870327926657263 0.3774021509167842 0.07658233427362482 0.39420618829337095 0.048368926332288405 0.40348256269592475 0.03918495297805643 0.37348158307210033 6.467301324503127e-05 0.4039993791390728 0.0 0.0
1 0.3127830615942029 0.15391474184782608 0.3506425498188406 0.16700634057971014 0.3591343976449275 0.1740828804347826 0.35948822463768115 0.16523720561594202 0.3647956295289855 0.15957597373188404 0.38708673007246375 0.16417572463768115 0.3994706748188405 0.16700634057971014 0.41786967844202894 0.17939028532608695 0.4376839900362319 0.18575917119565216 0.4493602807971014 0.1861129981884058 0.4564368206521739 0.19318953804347824 0.46634397644927533 0.19318953804347824 0.47412817028985504 0.1984969429347826 0.48014322916666663 0.19602015398550723 0.4766049592391304 0.1892974411231884 0.46634397644927533 0.1818670742753623 0.4592674365942029 0.18222090126811594 0.4401607789855072 0.1726675724637681 0.4214079483695652 0.17019078351449274 0.4044242527173913 0.16099128170289853 0.38284080615942023 0.15462239583333331 0.3527655117753623 0.14789968297101447 0.3074756567028985 0.13622339221014493 0.2770465353260869 0.12596240942028986 0.27598505434782605 0.14117697010869565
1 0.6398547535211268 0.0011003521126760562 0.6475572183098591 0.02365757042253521 0.6470070422535211 0.04951584507042253 0.6514084507042253 0.09077904929577464 0.6508582746478873 0.13039172535211266 0.6607614436619718 0.1501980633802817 0.6591109154929577 0.17055457746478872 0.6503080985915493 0.18100792253521125 0.6519586267605634 0.19311179577464788 0.6442561619718309 0.20411531690140844 0.6294014084507041 0.2112676056338028 0.6090448943661971 0.21016725352112675 0.5996919014084506 0.21566901408450703 0.5738336267605634 0.22007042253521125 0.5320202464788732 0.22612235915492956 0.5122139084507041 0.2211707746478873 0.508362676056338 0.22722271126760563 0.4968089788732394 0.22227112676056338 0.4962588028169014 0.21181778169014082 0.47755281690140844 0.20686619718309857 0.4858054577464788 0.22282130281690138 0.5133142605633803 0.23877640845070422 0.5199163732394366 0.2481294014084507 0.5045114436619718 0.2580325704225352 0.49130721830985913 0.2772887323943662 0.4825044014084507 0.29819542253521125 0.47040052816901406 0.32405369718309857 0.47205105633802813 0.3394586267605634 0.4869058098591549 0.3091989436619718 0.5023107394366196 0.27673855633802813 0.5177156690140845 0.254731514084507 0.5523767605633803 0.2481294014084507 0.5903389084507041 0.24207746478873238 0.626100352112676 0.23107394366197181 0.6519586267605634 0.2266725352112676 0.6547095070422535 0.2442781690140845 0.6547095070422535 0.2706866197183098 0.6541593309859155 0.30204665492957744 0.6602112676056338 0.3345070422535211 0.6679137323943661 0.37411971830985913 0.6717649647887324 0.3686179577464788 0.6805677816901408 0.3856734154929577 0.6932218309859154 0.40272887323943657 0.6943221830985915 0.4263864436619718 0.6888204225352113 0.4533450704225352 0.6893705985915493 0.48800616197183094 0.6970730633802816 0.5127640845070423 0.6965228873239436 0.5331205985915493 0.6893705985915493 0.5518265845070423 0.6888204225352113 0.5622799295774648 0.684419014084507 0.5749339788732394 0.6701144366197183 0.6013424295774648 0.6607614436619718 0.6194982394366196 0.6580105633802816 0.6382042253521126 0.6569102112676056 0.665162852112676 0.6558098591549295 0.683868838028169 0.6739656690140845 0.6695642605633803 0.6717649647887324 0.6541593309859155 0.6767165492957746 0.6222491197183098 0.6937720070422535 0.5793353873239436 0.703675176056338 0.5534771126760563 0.7091769366197183 0.5265184859154929 0.705325704225352 0.5072623239436619 0.7223811619718309 0.4946082746478873 0.7020246478873239 0.4990096830985915 0.6943221830985915 0.4770026408450704 0.6943221830985915 0.4538952464788732 0.6992737676056338 0.4186839788732394 0.7075264084507041 0.4170334507042253 0.7284330985915493 0.42143485915492956 0.7570422535211268 0.4274867957746479 0.763094190140845 0.4335387323943662 0.7498899647887324 0.4461927816901408 0.7361355633802816 0.4632482394366197 0.7256822183098591 0.4830545774647887 0.7262323943661971 0.49075704225352107 0.7575924295774648 0.44894366197183094 0.7867517605633803 0.42363556338028163 0.8071082746478873 0.4076804577464788 0.8263644366197183 0.38292253521126757 0.8384683098591549 0.38622359154929575 0.8736795774647886 0.3873239436619718 0.8758802816901408 0.37632042253521125 0.8593749999999999 0.37632042253521125 0.841219190140845 0.3785211267605634 0.8368177816901408 0.3587147887323943 0.842319542253521 0.32405369718309857 0.842319542253521 0.30809859154929575 0.8500220070422535 0.29489436619718307 0.8527728873239436 0.25913292253521125 0.8489216549295774 0.23382482394366194 0.859925176056338 0.20466549295774647 0.8516725352112675 0.20191461267605632 0.841219190140845 0.22392165492957744 0.840118838028169 0.26573503521126757 0.8390184859154929 0.3064480633802817 0.8324163732394365 0.3163512323943662 0.8335167253521126 0.3262544014084507 0.8313160211267605 0.3444102112676056 0.8291153169014084 0.36641725352112675 0.8192121478873239 0.38072183098591544 0.802156690140845 0.391175176056338 0.7955545774647886 0.4076804577464788 0.7768485915492958 0.4241857394366197 0.7647447183098591 0.4170334507042253 0.7416373239436619 0.41208186619718307 0.7064260563380281 0.40547975352112675 0.7009242957746479 0.391725352112676 0.6893705985915493 0.3834727112676056 0.6767165492957746 0.36036531690140844 0.6690140845070423 0.33395686619718307 0.664612676056338 0.31194982394366194 0.6624119718309859 0.27893926056338025 0.6684639084507041 0.2635343309859155 0.665713028169014 0.25583186619718307 0.6591109154929577 0.22172095070422534 0.6668133802816901 0.19806338028169013 0.6783670774647886 0.18045774647887322 0.6717649647887324 0.17715669014084506 0.6723151408450704 0.15184859154929575 0.665162852112676 0.1353433098591549 0.6684639084507041 0.12103873239436619 0.664612676056338 0.10893485915492956 0.6607614436619718 0.0918794014084507 0.6552596830985915 0.08967869718309858 0.6525088028169014 0.05116637323943662 0.6574603873239436 0.03411091549295774 0.6536091549295774 0.01210387323943662 0.6481073943661971 0.0005501760563380281
1 0.2896836773700306 0.4718558868501529 0.31297782874617736 0.48559346330275227 0.3231316896024465 0.4969418960244648 0.3440366972477064 0.4927608944954128 0.3559824159021407 0.502914755351682 0.3828602828746177 0.5082903287461774 0.38704128440366975 0.5280007645259939 0.3932119205298013 0.5548944536423841 0.3940742273730684 0.570415976821192 0.38113962472406177 0.6010278697571744 0.38243308498896245 0.6230166942604857 0.3992480684326711 0.6514728200883002 0.40226614238410596 0.662251655629139 0.3893315397350993 0.6751862582781457 0.38157077814569534 0.6898454746136865 0.4018349889624724 0.6756174116997792 0.41433843818984545 0.6592335816777042 0.40787113686534215 0.6480235927152318 0.3966611479028697 0.6264659216335541 0.38803807947019864 0.602321330022075 0.398385761589404 0.5773144315673289 0.40614652317880795 0.5579125275938189 0.40399075607064017 0.538510623620309 0.4009726821192053 0.5204021799116998 0.3988169150110375 0.506605270419426 0.4065776766004415 0.48547875275938185 0.418649972406181 0.4630587748344371 0.43503380242825607 0.4320157284768212 0.44883071192052976 0.40399075607064017 0.4570226269315673 0.3932119205298013 0.45745378035320083 0.3755346302428256 0.4626276214128035 0.3694984823399558 0.4591783940397351 0.3634623344370861 0.4540045529801324 0.3638934878587196 0.4522799392935982 0.3820019315673289 0.45012417218543044 0.3966611479028697 0.41692535871964675 0.41908112582781454 0.4195122792494481 0.4371895695364238 0.41045805739514346 0.45271109271523174 0.3949365342163355 0.47642453090507725 0.38502000551876375 0.4919460540838852 0.35354580573951433 0.48849682671081673 0.33371274834437087 0.48073606512141276 0.2970647075055187 0.4561603200883002 0.28671702538631344 0.4665080022075055
1 0.1601133241758242 0.8907108516483517 0.143801510989011 0.8907108516483517 0.15582074175824176 0.8769745879120879 0.17213255494505494 0.8816964285714286 0.19445398351648352 0.8482142857142857 0.20819024725274726 0.8284684065934066 0.22879464285714288 0.8241758241758242 0.2416723901098901 0.8074347527472527 0.2639938186813187 0.7979910714285715 0.2888907967032967 0.7872596153846154 0.2966174450549451 0.7619333791208791 0.30606112637362637 0.7481971153846154 0.3185096153846154 0.7623626373626374 0.3228021978021978 0.7842548076923077 0.3425480769230769 0.7997081043956045 0.37345467032967034 0.8104395604395604 0.40650755494505497 0.8349072802197802 0.44127747252747257 0.8623798076923077 0.4498626373626374 0.8228880494505495 0.4597355769230769 0.7928399725274725 0.47089629120879123 0.7619333791208791 0.48935439560439564 0.7396119505494506 0.5000858516483516 0.7353193681318682 0.4769059065934066 0.7378949175824177 0.4640281593406594 0.7198660714285715 0.44943337912087916 0.692393543956044 0.4520089285714286 0.6743646978021979 0.4451407967032967 0.6619162087912088 0.43398008241758246 0.6674965659340659 0.41852678571428575 0.6601991758241759 0.417239010989011 0.6524725274725275 0.4481456043956044 0.6563358516483516 0.4593063186813187 0.6752232142857143 0.4799107142857143 0.7271634615384616 0.4996565934065934 0.7254464285714286 0.5228365384615384 0.7215831043956045 0.5322802197802198 0.7288804945054945 0.5365728021978022 0.7237293956043956 0.559323489010989 0.7344608516483517 0.5786401098901099 0.7237293956043956 0.6052541208791209 0.715573489010989 0.6254292582417582 0.7207245879120879 0.6438873626373627 0.7104223901098902 0.655048076923077 0.6876717032967034 0.6589114010989011 0.6962568681318682 0.6494677197802198 0.717290521978022 0.6417410714285715 0.7370364010989011 0.6134100274725275 0.7413289835164836 0.562757554945055 0.7499141483516484 0.5322802197802198 0.7374656593406593 0.49407623626373626 0.7507726648351649 0.482915521978022 0.7679429945054945 0.4683207417582418 0.8065762362637363 0.4571600274725275 0.8499313186813187 0.4524381868131868 0.8799793956043956 0.4417067307692308 0.9164663461538461 0.41595123626373626 0.944368131868132 0.38418612637362637 0.9679773351648352 0.35285027472527475 0.9718406593406593 0.3030563186813187 0.9632554945054945 0.2949004120879121 0.9688358516483517 0.3004807692307692 0.9778502747252747 0.28288118131868134 0.9971668956043956 0.2579842032967033 0.9980254120879122 0.26055975274725274 0.9864354395604396 0.2425309065934066 0.9868646978021979 0.20518543956043958 0.9808550824175825 0.18458104395604397 0.9726991758241759 0.19702953296703296 0.9718406593406593 0.21763392857142858 0.9778502747252747 0.2657108516483517 0.9769917582417583 0.2918956043956044 0.9593921703296704 0.30606112637362637 0.9422218406593407 0.33009958791208793 0.9460851648351649 0.36229395604395603 0.9490899725274725 0.40135645604395603 0.9327781593406593 0.433121565934066 0.8962912087912088 0.443853021978022 0.8683894230769231 0.4150927197802198 0.859375 0.3979223901098901 0.8426339285714286 0.36486950549450553 0.8203125 0.33739697802197804 0.8155906593406593 0.3185096153846154 0.7911229395604396 0.29876373626373626 0.7898351648351649 0.27987637362637363 0.7984203296703297 0.2571256868131868 0.8078640109890111 0.2395260989010989 0.8224587912087913 0.22278502747252749 0.8400583791208791 0.20303914835164835 0.861092032967033 0.17814217032967034 0.8898523351648352
1 0.5289713541666666 0.9971788194444444 0.5257161458333334 0.979275173611111 0.510525173611111 0.9592013888888888 0.48990885416666663 0.9364149305555556 0.4736328125 0.908203125 0.4730902777777778 0.8837890625 0.48014322916666663 0.8821614583333333 0.4844835069444444 0.9103732638888888 0.4985894097222222 0.9320746527777778 0.5083550347222222 0.9380425347222222 0.5376519097222222 0.969509548611111 0.544704861111111 0.984157986111111 0.5414496527777778 0.9993489583333333
1 0.9984375 0.775 0.9984375 0.8 0.9833333333333333 0.803125 0.9625 0.8114583333333333 0.9260416666666667 0.8208333333333333 0.8859375 0.8171875 0.84375 0.8125 0.8010416666666667 0.8020833333333334 0.7765625 0.7729166666666667 0.7583333333333333 0.7489583333333333 0.7375 0.7322916666666667 0.7020833333333333 0.7015625 0.6807291666666667 0.6859375 0.6598958333333333 0.6822916666666666 0.678125 0.6677083333333333 0.7005208333333334 0.6796875 0.7192708333333333 0.6958333333333333 0.7364583333333333 0.7135416666666666 0.7640625 0.7364583333333333 0.7864583333333334 0.7614583333333333 0.7994791666666666 0.7796875 0.8296875 0.7864583333333334 0.8661458333333333 0.7864583333333334 0.890625 0.7984375 0.940625 0.7932291666666667 0.9776041666666667 0.7791666666666667
0 0.3283514492753623 0.663779438405797 0.34922724184782605 0.6669638813405796 0.3587805706521739 0.6659024003623187 0.35665760869565216 0.6517493206521738 0.3623188405797101 0.6613026494565217 0.3640879755434782 0.642195991847826 0.35984205163043476 0.6230893342391304 0.3318897192028985 0.6135360054347826 0.3375509510869565 0.6354732789855072 0.32764379528985504 0.6510416666666666
0 0.36621093749999994 0.677932518115942 0.36302649456521735 0.7207455842391304 0.37328747735507245 0.7264068161231884 0.37647192028985504 0.7150843523550724 0.38248697916666663 0.7115460824275361 0.3885020380434782 0.6942085597826086 0.39557857789855067 0.6906702898550724 0.3909788269927536 0.6758095561594203 0.3651494565217391 0.6712098052536232
1 0.9985513245033112 0.2129897902869757 0.9761313465783664 0.20695364238410596 0.9459506070640176 0.19574365342163355 0.9032664183222957 0.18237789735099336 0.8890383554083885 0.1681498344370861 0.8799841335540839 0.1284837196467991 0.8631691501103752 0.09916528697571743 0.8398868653421633 0.047426876379690945 0.8209161147902869 0.03535458057395143 0.8441983995584988 0.07760761589403974 0.853683774834437 0.10477028145695363 0.8623068432671082 0.12374103200883002 0.8726545253863134 0.14400524282560706 0.876966059602649 0.18237789735099336 0.8506657008830022 0.19056981236203088 0.8166045805739514 0.1819467439293598 0.782112306843267 0.1681498344370861 0.7489134933774834 0.1707367549668874 0.7269246688741722 0.17677290286975716 0.7045046909492273 0.16858098785871964 0.6885520143487859 0.16685637417218543 0.6898454746136865 0.17720405629139072 0.705798151214128 0.17849751655629137 0.7226131346578366 0.18453366445916114 0.7502069536423841 0.18151559050772625 0.7803876931567328 0.1819467439293598 0.801514210816777 0.18884519867549668 0.8265211092715231 0.1987617273730684 0.853683774834437 0.19962403421633554 0.8812775938189845 0.19315673289183222 0.8942121964679911 0.19445019315673287 0.9226683222958056 0.20652248896247238 0.9571605960264901 0.2138520971302428 0.9994136313465783 0.2280801600441501
