0 0.002346096096096096 0.29971377627627627 0.00879786036036036 0.293262012012012 0.007038288288288288 0.2821180555555555 0.016422672672672674 0.28739677177177175 0.01876876876876877 0.2756662912912913 0.009384384384384385 0.2662819069069069 0.004692192192192192 0.2557244744744745 0.021114864864864864 0.25044575825825827 0.03988363363363363 0.2557244744744745 0.026980105105105106 0.26334928678678676 0.03519144144144144 0.27742586336336333 0.04281625375375375 0.26452233483483484 0.049268018018018014 0.26334928678678676 0.05513325825825826 0.28622372372372373 0.06158502252252252 0.2844641516516516 0.0586524024024024 0.2739067192192192 0.06158502252252252 0.27273367117117114 0.0756615990990991 0.2909159159159159 0.07448855105105105 0.2733201951951952 0.062171546546546545 0.2604166666666667 0.06158502252252252 0.23519613363363362 0.03460491741741742 0.23050394144144143 0.03929710960960961 0.21877346096096095 0.021701388888888888 0.19707207207207206 0.01759572072072072 0.219946509009009 0.019355292792792793 0.23636918168168167 0.01583614864864865 0.23636918168168167 0.009384384384384385 0.22639827327327328 0.006451764264264264 0.2346096096096096 0.0 0.23343656156156156
0 0.000586524024024024 0.18182244744744744 0.015249624624624624 0.19883164414414414 0.021701388888888888 0.19179335585585586 0.01173048048048048 0.17419763513513514 0.044575825825825824 0.1560153903903904 0.05044106606606606 0.16246715465465464 0.03753753753753754 0.1953125 0.036951013513513514 0.2152543168168168 0.05161411411411411 0.20176426426426425 0.06275807057057058 0.1753706831831832 0.07976726726726727 0.18240897147147148 0.06158502252252252 0.1982451201201201 0.08387293543543543 0.1929664039039039 0.073315503003003 0.20235078828828829 0.08035379129129129 0.2152543168168168 0.08973817567567567 0.21408126876876876 0.08973817567567567 0.2176004129129129 0.07624812312312312 0.22522522522522523 0.08739207957957958 0.23754222972972971 0.09384384384384384 0.25044575825825827 0.08445945945945946 0.24751313813813813 0.10205518018018017 0.28505067567567566 0.13020833333333334 0.2844641516516516 0.1266891891891892 0.2627627627627628 0.14135228978978978 0.2627627627627628 0.14545795795795796 0.2369557057057057 0.19179335585585586 0.219359984984985 0.18182244744744744 0.1783033033033033 0.20176426426426425 0.16774587087087087 0.19941816816816815 0.21642736486486486 0.2152543168168168 0.22815784534534533 0.23167698948948948 0.21877346096096095 0.23343656156156156 0.18592811561561562 0.2557244744744745 0.14311186186186187 0.27801238738738737 0.1290352852852853 0.2831274224806202 0.13111676356589147 0.2810077519379845 0.14050387596899225 0.2897892441860465 0.14474321705426357 0.2858527131782946 0.1592781007751938 0.29705668604651164 0.1471656976744186 0.2961482558139535 0.14020106589147285 0.3019016472868217 0.14080668604651161 0.30402131782945735 0.14898255813953487 0.30947189922480617 0.14656007751937983 0.30674660852713176 0.13596172480620156 0.2849442829457364 0.12657461240310078 0.28554990310077516 0.10416666666666666 0.28888081395348836 0.09447674418604651 0.2761627906976744 0.09447674418604651 0.2528464147286822 0.06843507751937984 0.23649467054263565 0.0420906007751938 0.21136143410852712 0.04814680232558139 0.19319282945736432 0.03664001937984496 0.18562257751937983 0.01665455426356589 0.18289728682170542 0.00030281007751937984 0.05471103162650602 0.0029414533132530118 0.060880636867088604 0.012979628164556962 0.06180775316455696 0.0244140625 0.07015179984177215 0.04079311708860759 0.07818680775316456 0.04079311708860759 0.0852946993670886 0.047901008702531646 0.08313142800632911 0.05253659018987342 0.07509642009493671 0.05222755142405063 0.08498566060126582 0.06860660601265822 0.07849584651898733 0.07973200158227847 0.05318967864923747 0.07404003267973856 0.03788670568561873 0.0698944397993311 0.01502403846153846 0.08949101170568562 0.012531787949921751 0.0816094483568075 0.01436570813771518 0.07121723395931141 0.02292400234741784 0.06296459311424099 0.018950508607198747 0.052878032081377147 0.024146615805946788 0.04982149843505477 0.041874510954616584 0.051961071987480435 0.03178794992175273 0.04156885758998435 0.02812010954616588 0.02873141627543036 0.03912363067292644 0.03178794992175273 0.04707061815336463 0.018033548513302033 0.04248581768388106 0.014977014866979655 0.00030565336463223784 0.014977014866979655
0 0.16088691546762587 0.35936094874100716 0.17669458183453235 0.3474173785971223 0.17353304856115107 0.32809689748201437 0.18301764838129495 0.33793277877697836 0.1939073741007194 0.3238815197841726 0.19952787769784172 0.31123538669064743 0.19355609262589926 0.29788669064748197 0.17493817446043164 0.3021020683453237 0.1721279226618705 0.3210712679856115 0.15596897482014388 0.3330148381294964
0 0.1289203012589928 0.3670891411870503 0.12224595323741005 0.3583071043165467 0.12329979766187049 0.3509301933453237 0.1345408048561151 0.3586583857913669
0 0.09063062050359712 0.3386353417266187 0.08746908723021582 0.3554968525179856 0.09625112410071941 0.3628737634892086 0.10081778327338128 0.3569019784172662 0.09589984262589928 0.3551455710431654 0.10222290917266186 0.34460712679856115
0 0.07587679856115108 0.38816602967625896 0.05550247302158273 0.40994548111510787 0.0720127023381295 0.42961724370503596 0.09027933902877697 0.4268069919064748 0.09625112410071941 0.44472234712230213 0.10187162769784172 0.4271582733812949 0.09519727967625899 0.4043249775179856 0.08290242805755395 0.4018660071942446
0 0.38151305780933065 0.6089154411764707 0.3692317444219067 0.5859375 0.3458576318458418 0.5807872718052739 0.3264452332657201 0.5906915567951319 0.3054481490872211 0.6009920131845842 0.3070328346855984 0.6156503549695741 0.3232758620689655 0.6160465263691683 0.3165409482758621 0.6425900101419879 0.29871323529411764 0.6592292089249493 0.2915821501014199 0.6410053245436106 0.28365872210953347 0.6227814401622719 0.2725659229208925 0.6338742393509128 0.26385015212981744 0.6398168103448276 0.26622718052738337 0.6200082403651116 0.2777161511156187 0.6045575557809331 0.26622718052738337 0.6029728701825559 0.27335826572008115 0.5764293864097363 0.28722426470588236 0.576033215010142 0.29673237829614607 0.5934647565922921 0.31852180527383367 0.5827681288032455 0.31852180527383367 0.5665251014198783 0.3284260902636917 0.5542437880324544 0.3379342038539554 0.5669212728194727 0.3494231744421907 0.5431509888438134 0.3577427738336714 0.5546399594320487 0.3549695740365112 0.5677136156186613 0.35695043103448276 0.5776179006085193 0.36725088742393514 0.5728638438133875 0.3787398580121704 0.5839566430020284 0.39102117139959436 0.6017843559837729
0 0.0009458232445520581 0.8115163438256658 0.011822790556900727 0.8228662227602905 0.027428874092009687 0.8252307808716707 0.03641419491525424 0.8067872276029056 0.026010139225181597 0.796856083535109 0.011822790556900727 0.7878707627118644 0.0009458232445520581 0.7883436743341404
0 0.2068188255287009 0.7479111593655589 0.22717617069486404 0.736404833836858 0.23071657854984895 0.7399452416918428 0.2218655589123867 0.7511565332326284 0.2519590256797583 0.7538118391238671 0.24959875377643503 0.7372899358006042 0.23927256419939577 0.7310942220543807 0.23838746223564955 0.7098517749244713 0.20534365558912387 0.7160474886706949 0.20062311178247733 0.750861499244713
0 0.295853111814346 0.8048742967651196 0.2865132735583685 0.8081707102672292 0.29228199718706044 0.8219057665260197 0.28843618143459915 0.8306962025316456 0.26673479254571025 0.828498593530239 0.2593178621659634 0.8150382383966245 0.2727782172995781 0.799929676511955 0.284315664556962 0.7872934247538678 0.29750131856540085 0.7864693213783404
2 0.3138354700854701 0.0 0.3405448717948718 0.01919738247863248 0.3580729166666667 0.0020866720085470085 0.392711672008547 0.015441372863247864 0.41900373931623935 0.0 0.4611545138888889 0.00041733440170940174 0.4728398771367522 0.006677350427350428 0.49328926282051283 0.0 0.5554720886752137 0.0020866720085470085 0.5704961271367521 0.004590678418803419 0.5855201655982907 0.0037560096153846155 0.594284188034188 0.0
2 0.7401500674460431 0.0 0.7534987634892085 0.010187162769784172 0.7693064298561151 0.010889725719424459 0.7830064073741007 0.0007025629496402877
2 0.905954923561151 0.0 0.9164933678057553 0.007025629496402877 0.932652315647482 0.005971785071942445 0.9365164118705035 0.0007025629496402877
1 0.0013241525423728813 0.8140227754237288 0.014896716101694914 0.8050847457627118 0.03144862288135593 0.7981329449152542 0.04204184322033898 0.7905190677966101 0.04766949152542373 0.782905190677966 0.06554555084745763 0.7686705508474576 0.06720074152542373 0.7537738347457626 0.078125 0.7458289194915254 0.09235963983050847 0.736228813559322 0.09633209745762711 0.727290783898305 0.10891154661016948 0.7200079449152542 0.12612552966101695 0.7090836864406779 0.13605667372881355 0.6905455508474576 0.1453257415254237 0.6663797669491525 0.16088453389830507 0.6501588983050847 0.15360169491525422 0.6375794491525424 0.14300847457627117 0.638572563559322 0.1436705508474576 0.6504899364406779 0.13969809322033896 0.6630693855932203 0.1300979872881356 0.677635063559322 0.11652542372881355 0.6984904661016949 0.09765625 0.7094147245762712 0.09037341101694915 0.724311440677966 0.07415254237288135 0.7339115466101694 0.06389036016949153 0.736228813559322 0.05925582627118644 0.7504634533898304 0.05528336864406779 0.7656912076271186 0.04634533898305084 0.779925847457627 0.037738347457627115 0.7852224576271186 0.025158898305084745 0.785884533898305 0.015558792372881354 0.7868776483050847 0.000993114406779661 0.7984639830508474
1 0.0012387684989429175 0.46577695560253696 0.014865221987315009 0.4740354122621564 0.03179505813953488 0.47320956659619445 0.04335689746300211 0.4756871035940803 0.06524180761099366 0.4661898784355179 0.08588794926004227 0.4562797304439746 0.08795256342494714 0.4620606501057082 0.10405655391120507 0.45958311310782235 0.11933469873150104 0.4513246564482029 0.12263808139534883 0.4459566596194503 0.13172238372093023 0.45586680761099363 0.14080668604651161 0.4632994186046511 0.17136297568710357 0.464951109936575 0.18044727801268498 0.4756871035940803 0.19118327167019025 0.46784156976744184 0.20315803382663847 0.46742864693446085 0.19448665433403803 0.4608218816067653 0.1738405126849894 0.4550409619450317 0.1548460623678647 0.45215050211416485 0.15195560253699789 0.45545388477801263 0.13874207188160675 0.4533892706131078 0.135025766384778 0.4434791226215644 0.13337407505285412 0.4228329809725158 0.14039376321353064 0.39227669133192383 0.13254822938689217 0.3931025369978858 0.12883192389006343 0.40301268498942916 0.12387684989429175 0.4071419133192389 0.12098639006342493 0.42242005813953487 0.1308965380549683 0.43852404862579275 0.12222515856236785 0.44017573995771664 0.11520547040169132 0.4455437367864693 0.090017177589852 0.4476083509513742 0.08712671775898519 0.44265327695560247 0.07267441860465115 0.44636958245243125 0.06771934460887949 0.45215050211416485 0.04666028012684989 0.4604089587737843 0.02353660147991543 0.464951109936575 0.011148916490486258 0.45999603594080335 0.0004129228329809725 0.4517375792811839
1 0.0 0.9406001984126985 0.006820436507936508 0.951140873015873 0.02666170634920635 0.959201388888889 0.04092261904761905 0.9610615079365079 0.05828373015873016 0.9747023809523809 0.07006448412698413 0.988343253968254 0.07874503968253968 0.9995039682539683 0.09052579365079365 0.998263888888889 0.07874503968253968 0.9840029761904762 0.06262400793650794 0.9666418650793651 0.04154265873015873 0.9536210317460317 0.013640873015873016 0.9499007936507937
1 0.21293998194945848 0.9980680279783394 0.2217537229241877 0.9871389891696751 0.23409296028880866 0.9864338898916968 0.2545408393501805 0.9723319043321299 0.25877143501805056 0.9543518727436823 0.26546987815884476 0.9398973375451264 0.27745656588447654 0.9346090929602888 0.3031926895306859 0.9286157490974729 0.33315940884476536 0.924737703068592 0.33985785198555957 0.9349616425992779 0.3405629512635379 0.9448330324909747 0.35678023465703973 0.9497687274368231 0.37370261732851984 0.9487110785198556 0.3860418546931408 0.9554095216606499 0.40860503158844763 0.9628130640794224 0.4230595667870036 0.9740946525270758 0.43751410198555957 0.9874915388086642 0.4473854918772563 0.9970103790613718 0.4368090027075812 0.9987731272563177 0.4220019178700361 0.9874915388086642 0.4089575812274368 0.9772675992779783 0.3895673510830325 0.9695115072202166 0.36982457129963897 0.9631656137184116 0.3546649368231047 0.9547044223826715 0.34373589801444043 0.9610503158844765 0.3313966606498195 0.9473008799638989 0.32187782039711194 0.9536467734657039 0.311653880866426 0.9681013086642599 0.3024875902527076 0.9652809115523465 0.3232880189530686 0.9423651850180506 0.32716606498194944 0.9335514440433212 0.3028401398916967 0.9356667418772563 0.274283619133574 0.9437753835740073 0.26582242779783394 0.9564671705776173 0.26546987815884476 0.9659860108303249 0.27357851985559567 0.9712742554151624 0.25559848826714804 0.9832609431407943 0.2333878610108303 0.9934848826714802
1 0.13237126245847175 0.3614254568106312 0.1382111710963455 0.3653187292358804 0.13626453488372092 0.38381177325581395 0.1463221553156146 0.36921200166112955 0.1573530938538206 0.3623987749169435 0.1690329111295681 0.35266559385382057 0.17130398671096345 0.33579474667774084 0.18103716777408638 0.32735932308970095 0.1933658637873754 0.31924833887043186 0.21250778654485047 0.31503062707641194 0.23164970930232556 0.3062707641196013 0.2504671926910299 0.29880865863787376 0.2378140573089701 0.29523982558139533 0.2303519518272425 0.3017286129568106 0.21380554401993354 0.3062707641196013 0.19855689368770763 0.30756852159468434 0.18363268272425248 0.3082174003322259 0.17227730481727574 0.3189238995016611 0.16513963870431891 0.3364436254152824 0.15865085132890364 0.3487723214285714 0.14502439784053156 0.35655886627906974
1 0.25732421875 0.241455078125 0.264404296875 0.26123046875 0.26318359375 0.27880859375 0.25830078125 0.2958984375 0.266845703125 0.2978515625 0.275146484375 0.275634765625 0.28955078125 0.282470703125 0.283447265625 0.292724609375 0.283203125 0.303466796875 0.30029296875 0.289306640625 0.299072265625 0.2724609375 0.289306640625 0.268798828125 0.282958984375 0.254638671875 0.271240234375 0.233154296875
1 0.332275390625 0.280029296875 0.3271484375 0.28857421875 0.324462890625 0.29150390625 0.32763671875 0.29833984375 0.34521484375 0.296875 0.36474609375 0.302001953125 0.3818359375 0.31591796875 0.3860562865497076 0.30724597953216376 0.3746345029239766 0.29125548245614036 0.35693073830409355 0.2849735014619883
1 0.2892127403846154 0.7073818108974359 0.29463808760683763 0.7128071581196581 0.2892127403846154 0.7186498397435898 0.29672475961538464 0.7244925213675214 0.2938034188034188 0.7332565438034189 0.29463808760683763 0.7399338942307693 0.29964610042735046 0.7345085470085471 0.30340211004273504 0.7169805021367521 0.3038194444444445 0.7032084668803419
1 0.2806154294274301 0.7547228695073236 0.26787200399467376 0.7726676930758988 0.2702126331557923 0.7783892310252997 0.2795751498002663 0.7755284620505992 0.28373626830892146 0.7674662949400799 0.28763731691078565 0.7601843375499334 0.28321612849533956 0.752642310252996
1 0.19089366515837106 0.47502474547511314 0.19177743212669685 0.49535138574660637 0.18603294683257918 0.5055147058823529 0.19310308257918551 0.5161199095022625 0.18735859728506787 0.5200968608597285 0.18647483031674209 0.5426329185520362 0.18249787895927602 0.5567731900452488 0.18780048076923078 0.5656108597285068 0.186916713800905 0.5748904128959276 0.186916713800905 0.594333286199095 0.186916713800905 0.6067060237556561 0.1851491798642534 0.6190787613122172 0.19840568438914027 0.6221719457013575 0.19796380090497737 0.6089154411764706 0.2054758201357466 0.6049384898190046 0.2072433540723982 0.6093573246606335 0.2085690045248869 0.6208462952488688 0.22005797511312217 0.6261488970588236 0.2284537613122172 0.6389635180995475 0.2280118778280543 0.628358314479638 0.2174066742081448 0.6226138291855203 0.22403492647058823 0.6164274604072398 0.20149886877828055 0.5974264705882353 0.1966381504524887 0.5983102375565611 0.18868424773755657 0.5938914027149321 0.18647483031674209 0.5753322963800905 0.19708003393665158 0.5877050339366516 0.19796380090497737 0.5797511312217195 0.19000989819004524 0.5726809954751131 0.18780048076923078 0.5660527432126697 0.1944287330316742 0.5616339083710408 0.1944287330316742 0.5421910350678734 0.19796380090497737 0.5200968608597285 0.1944287330316742 0.5055147058823529 0.19840568438914027 0.4776760463800905 0.2050339366515837 0.47458286199095023 0.2178485576923077 0.4776760463800905 0.23596578054298642 0.4790016968325792 0.24701286764705882 0.48695559954751133 0.25496677036199095 0.5033052884615384 0.26733950791855204 0.5156780260180995 0.28943368212669685 0.5214225113122172 0.3048996040723982 0.5293764140271493 0.31152785633484165 0.5284926470588235 0.30931843891402716 0.5143523755656109 0.30622525452488686 0.517887443438914 0.3071090214932127 0.5214225113122172 0.2934106334841629 0.5147942590497737 0.27750282805429866 0.5103754242081449 0.26954892533936653 0.5086078902714932 0.2593856052036199 0.49535138574660637 0.2518735859728507 0.49402573529411764 0.24701286764705882 0.4878393665158371 0.250547935520362 0.48253676470588236 0.2395008484162896 0.47325721153846156 0.22889564479638008 0.4692802601809955 0.23552389705882354 0.4781179298642534 0.2182904411764706 0.4759085124434389 0.22624434389140272 0.4692802601809955 0.21519725678733032 0.4688383766968326 0.20415016968325791 0.47148967760181
1 0.5472715736040609 0.01635866116751269 0.5606559327411168 0.03470019035532995 0.5884160850253807 0.0822890228426396 0.6419535215736041 0.16606519670050762 0.6369963515228426 0.14524508248730963 0.5993218591370558 0.08377617385786802 0.6127062182741116 0.07634041878172589 0.6305520304568528 0.06741751269035533 0.6404663705583756 0.06196462563451777 0.6424492385786802 0.05502458756345178 0.6196462563451777 0.06295605964467005 0.5958518401015228 0.06791322969543147 0.5829631979695431 0.06196462563451777 0.5715617068527918 0.03569162436548223 0.5646216687817259 0.020324397208121826 0.5532201776649747 0.010410057106598985
1 0.2387152777777778 0.6436314363143631 0.2572408536585366 0.6468072493224932 0.2778836382113821 0.6499830623306233 0.3027608401084011 0.6648035230352304 0.3159933943089431 0.6679793360433605 0.3313431571815718 0.6600398035230353 0.3551617547425474 0.6600398035230353 0.3588668699186992 0.6526295731707317 0.3736873306233062 0.6531588753387534 0.3938008130081301 0.6626863143631436 0.3895663956639566 0.6552760840108401 0.4033282520325203 0.6521002710027101 0.41656080623306235 0.6584518970189702 0.4366742886178862 0.6547467818428184 0.4520240514905149 0.6473365514905149 0.46684451219512196 0.6420435298102981 0.4821942750677507 0.6531588753387534 0.4922510162601626 0.6632156165311653 0.4970147357723577 0.6600398035230353 0.483252879403794 0.6468072493224932 0.4864286924119241 0.6383384146341463 0.5128938008130082 0.6208714430894309 0.5107765921409214 0.6346332994579946 0.5218919376693767 0.6431021341463414 0.5208333333333334 0.6558053861788617 0.5377710027100271 0.6685086382113822 0.5420054200542006 0.6796239837398375 0.5494156504065041 0.7029132791327913 0.5684705284552846 0.7071476964769647 0.5668826219512195 0.7161458333333334 0.5806444783197832 0.7161458333333334 0.5859375 0.7060890921409214 0.6018165650406504 0.7145579268292683 0.6266937669376694 0.7373179200542006 0.6335746951219512 0.7500211720867209 0.6346332994579946 0.7643123306233063 0.6494537601626016 0.7881309281842819 0.6648035230352304 0.8156546409214093 0.6764481707317074 0.820947662601626 0.6796239837398375 0.8140667344173442 0.6626863143631436 0.7833672086720868 0.6420435298102981 0.7479039634146342 0.6446900406504065 0.7246146680216802 0.6531588753387534 0.728319783197832 0.6298695799457995 0.7113821138211383 0.5912305216802168 0.6923272357723578 0.5832909891598916 0.7007960704607046 0.5764100609756098 0.6917979336043361 0.5689998306233063 0.6827997967479675 0.557884485094851 0.688622120596206 0.5499449525745258 0.688622120596206 0.5494156504065041 0.6806825880758808 0.5520621612466124 0.6727430555555556 0.5547086720867209 0.6610984078590786 0.5414761178861789 0.6483951558265583 0.5335365853658537 0.6261644647696477 0.52295054200542 0.6261644647696477 0.5155403116531165 0.584349593495935 0.5038956639566395 0.6012872628726287 0.5028370596205962 0.6118733062330624 0.4821942750677507 0.6288109756097561 0.47002032520325204 0.6335746951219512 0.4546705623306233 0.6277523712737128 0.45043614498644985 0.6383384146341463 0.4366742886178862 0.6367505081300813 0.4176194105691057 0.6367505081300813 0.3990938346883469 0.6409849254742548 0.3736873306233062 0.6415142276422764 0.3424585027100271 0.6436314363143631 0.3165226964769648 0.6483951558265583 0.2969385162601626 0.6409849254742548 0.2752371273712737 0.637279810298103 0.2535357384823848 0.6330453929539296
1 0.23099922839506173 0.9148341049382717 0.232445987654321 0.9042245370370371 0.22665895061728397 0.8916859567901235 0.22858796296296297 0.8834876543209877 0.23533950617283952 0.8820408950617284 0.24402006172839508 0.8738425925925927 0.24112654320987656 0.8564814814814815 0.24112654320987656 0.8429783950617284 0.2527006172839506 0.8357445987654322 0.2580054012345679 0.8236882716049383 0.2690972222222222 0.8179012345679013 0.271508487654321 0.7976466049382717 0.271508487654321 0.7855902777777778 0.27826003086419754 0.7851080246913581 0.27729552469135804 0.8015046296296297 0.2787422839506173 0.814525462962963 0.2681327160493827 0.8246527777777778 0.2527006172839506 0.8482831790123457 0.24643132716049385 0.8622685185185186 0.24643132716049385 0.8723958333333334 0.24932484567901236 0.8748070987654322 0.24836033950617284 0.8873456790123457 0.24353780864197533 0.8994020061728395
1 0.3195529513888889 0.5392795138888888 0.3352864583333333 0.5479600694444444 0.3640407986111111 0.5392795138888888 0.3732638888888889 0.5262586805555556 0.39225260416666663 0.510525173611111 0.3965928819444444 0.49967447916666663 0.3814019097222222 0.500759548611111 0.3765190972222222 0.5110677083333334 0.3629557291666667 0.5230034722222222 0.3504774305555555 0.5295138888888888 0.3407118055555555 0.539822048611111 0.3352864583333333 0.5425347222222222
1 0.4010416666666667 0.46763392857142855 0.42410714285714285 0.46130952380952384 0.42373511904761907 0.45014880952380953 0.43526785714285715 0.45349702380952384 0.4367559523809524 0.46391369047619047 0.4557291666666667 0.46577380952380953 0.46875 0.47879464285714285 0.49107142857142855 0.48251488095238093 0.5022321428571429 0.47470238095238093 0.5007440476190477 0.49069940476190477 0.5163690476190477 0.5230654761904762 0.5193452380952381 0.5022321428571429 0.5182291666666666 0.4773065476190476 0.5122767857142857 0.4583333333333333 0.5089285714285714 0.4330357142857143 0.5182291666666666 0.40476190476190477 0.5215773809523809 0.37723214285714285 0.5279017857142857 0.35193452380952384 0.5412946428571429 0.3351934523809524 0.5505952380952381 0.3009672619047619 0.5758928571428571 0.2961309523809524 0.5952380952380952 0.2924107142857143 0.59375 0.28311011904761907 0.6004464285714286 0.2734375 0.5811011904761905 0.28087797619047616 0.5528273809523809 0.28683035714285715 0.5252976190476191 0.29724702380952384 0.5059523809523809 0.3046875 0.47693452380952384 0.31994047619047616 0.44717261904761907 0.32180059523809523 0.46986607142857145 0.3351934523809524 0.49962797619047616 0.32626488095238093 0.5245535714285714 0.3151041666666667 0.5275297619047619 0.3359375 0.5178571428571429 0.35751488095238093 0.5182291666666666 0.3757440476190476 0.5141369047619048 0.38244047619047616 0.5148809523809523 0.39174107142857145 0.5078125 0.39992559523809523 0.5066964285714286 0.4148065476190476 0.5044642857142857 0.42336309523809523 0.5044642857142857 0.4490327380952381 0.5066964285714286 0.4661458333333333 0.48660714285714285 0.4694940476190476 0.4720982142857143 0.46986607142857145 0.42038690476190477 0.43005952380952384 0.40327380952380953 0.4523809523809524
1 0.644092345505618 0.2326193820224719 0.6726211376404494 0.21012552668539325 0.6885314255617977 0.19640976123595505 0.7022471910112359 0.1739159058988764 0.7093793890449438 0.13990080758426965 0.7241924157303371 0.1327686095505618 0.7433944873595506 0.14154669943820225 0.7642424508426966 0.15471383426966293 0.7807013693820225 0.166235077247191 0.8191055126404494 0.18708304073033707 0.8317240168539326 0.18872893258426965 0.830078125 0.20189606741573032 0.8355644311797753 0.22768170646067415 0.8558637640449438 0.24084884129213482 0.8679336376404494 0.2595022823033708 0.8821980337078652 0.27650983146067415 0.8778089887640449 0.2984550561797753 0.8712254213483146 0.31381671348314605 0.8569610252808989 0.3280811095505618 0.8020979634831461 0.3692284058988764 0.8251404494382022 0.35660990168539325 0.8657391151685393 0.3319215238764045 0.8778089887640449 0.31710849719101125 0.8931706460674157 0.3242406952247191 0.8975596910112359 0.33905372191011235 0.9074350421348314 0.3494777036516854 0.9310261587078652 0.36593662219101125 0.9491309691011236 0.3791037570224719 0.957909058988764 0.4021462429775281 0.9524227528089888 0.43286955758426965 0.9483850049407113 0.4732275197628458 0.95996479743083 0.48750926383399207 0.975790513833992 0.5098968626482213 0.9804224308300394 0.5114408349802371 0.9788784584980236 0.5048789525691699 0.9854403409090908 0.5006330286561265 0.9657546936758893 0.47670145750988135 0.9607367835968379 0.4604897480237154 0.967684659090909 0.43038228754940705 0.9688426383399209 0.38985301383399207 0.9572628458498023 0.366307435770751 0.9329452816205532 0.34507781620553357 0.9148036067193674 0.33388401679841895 0.9001358695652173 0.3114964179841897 0.8870121047430829 0.30416254940711457 0.8877840909090908 0.2883368330039525 0.885854125494071 0.2717391304347826 0.877748270750988 0.25398344861660077 0.8572906373517786 0.23159584980237152 0.8426229001976284 0.20612030632411066 0.8383769762845849 0.18913661067193674 0.8422369071146244 0.17601284584980234 0.853816699604743 0.16366106719367587 0.8665544713438734 0.15787117094861658 0.8773622776679841 0.14976531620553357 0.9097856966403162 0.14976531620553357 0.9283133646245059 0.14783535079051383 0.9572628458498023 0.1455193922924901 0.9846683547430829 0.14050148221343872 0.9985641057312252 0.13123764822134387 0.9989500988142291 0.11927186264822133 0.9808084239130433 0.12737771739130432 0.9626667490118576 0.1293076828063241 0.9337172677865612 0.1308516551383399 0.9043817934782608 0.13471158596837943 0.8901000494071145 0.1308516551383399 0.8735023468379446 0.1374135375494071 0.8545886857707509 0.1455193922924901 0.8472548171936758 0.15478322628458496 0.8356750247035573 0.1682929841897233 0.8244812252964426 0.16790699110671936 0.8067255434782608 0.15439723320158102 0.7781620553359683 0.14204545454545453 0.7604063735177865 0.13316761363636362 0.7357028162055336 0.11232398715415019 0.731842885375494 0.08993638833992094 0.731842885375494 0.07025074110671936 0.740720726284585 0.05519701086956521 0.7538444911067192 0.04670516304347826 0.7654242835968379 0.044389204545454544 0.764266304347826 0.022387598814229248 0.7627223320158102 0.010035820158102766 0.748440587944664 0.007719861660079051 0.7495985671936758 0.0227735918972332 0.7495985671936758 0.040529273715415016 0.7418787055335968 0.04786314229249011 0.7283689476284584 0.06214488636363636 0.7221930583003952 0.06639081027667984 0.7221930583003952 0.0853044713438735 0.7183331274703557 0.09225234683794466 0.7167891551383399 0.10962203557312251 0.7117712450592885 0.12621973814229248 0.7001914525691699 0.13857151679841895 0.6978754940711461 0.15246726778656125 0.6920855978260869 0.1675209980237154 0.6851377223320158 0.1798727766798419 0.674329916007905 0.19801445158102765 0.659276185770751 0.2049623270750988 0.6488543725296442 0.21577013339920947 0.641906497035573 0.22503396739130432
1 0.8951822916666666 0.6426570391414141 0.8720012626262627 0.6564670138888888 0.8650962752525253 0.670770202020202 0.8690419823232324 0.6791548295454546 0.8616437815656566 0.7013494318181819 0.8483270202020202 0.7225576073232324 0.8290916982323232 0.7378472222222222 0.8448745265151515 0.7151594065656566 0.8532591540404041 0.69888336489899 0.8606573547979798 0.6806344696969697 0.8562184343434344 0.6687973484848485 0.8675623421717171 0.6480823863636364 0.8858112373737373 0.6367384785353536
1 0.6717566287878788 0.7630011047979798 0.6909919507575758 0.7669468118686869 0.7038154987373737 0.7802635732323232 0.7077612058080808 0.7960464015151515 0.7230508207070707 0.8088699494949495 0.7368607954545454 0.8177477904040404 0.7393268623737373 0.8103495896464646 0.7205847537878788 0.7945667613636364 0.7102272727272727 0.7773042929292929 0.7043087121212122 0.7634943181818182 0.6766887626262627 0.7570825441919192
