0 0.2114792427007299 0.13258439781021897 0.22074589416058393 0.1290203010948905 0.22288435218978098 0.14612796532846714 0.22858690693430656 0.1311587591240876 0.24854584854014594 0.13757413321167883 0.2685047901459854 0.12260492700729926 0.30485857664233573 0.12474338503649635 0.3212534215328467 0.13472285583941604 0.32980725364963503 0.10906135948905109 0.31840214416058393 0.10478444343065693 0.3005816605839416 0.11191263686131386 0.26921760948905105 0.10549726277372262 0.2649406934306569 0.08054858576642335 0.294879105839416 0.0655793795620438 0.3226790602189781 0.07698448905109488 0.3433508211678832 0.029225593065693427 0.37115077554744524 0.014256386861313867 0.3939609945255474 0.035640967153284665 0.41178147810218974 0.06914347627737226 0.4260378649635036 0.0648665602189781 0.42176094890510946 0.043481979927007294 0.4524121806569343 0.055599908759124086 0.46096601277372257 0.07841012773722628 0.4524121806569343 0.09908188868613138 0.4566890967153284 0.1283074817518248 0.4509865419708029 0.15824589416058393 0.4673813868613138 0.1960253193430657 0.47450958029197077 0.19032276459854014 0.48306341240875905 0.20244069343065693 0.4673813868613138 0.2459226733576642 0.46880702554744524 0.2829892791970803 0.4802121350364963 0.302235401459854 0.4987454379562043 0.28797901459854014 0.5258325729927007 0.30437385948905105 0.49945825729927007 0.33288663321167883 0.49589416058394153 0.3621122262773722 0.5144274635036495 0.3899121806569343 0.5023095346715328 0.39062499999999994 0.5072992700729927 0.44551208941605835 0.4844890510948905 0.42412750912408753 0.4823505930656934 0.4526402828467153 0.46809420620437947 0.42697878649635035 0.44171989051094884 0.4462249087591241 0.44457116788321166 0.4825786952554744 0.4595403740875912 0.5096658302919708 0.49161724452554745 0.5353273266423357 0.5001710766423357 0.5738195711678832 0.4802121350364963 0.5987682481751825 0.48734032846715325 0.6265682025547444 0.5115761861313868 0.6151630930656934 0.552919708029197 0.6279938412408759 0.543653056569343 0.6629219890510948 0.5115761861313868 0.6793168339416058 0.5122890054744526 0.7342039233576642 0.5244069343065693 0.7698448905109488 0.5514940693430657 0.8026345802919708 0.5486427919708029 0.8218807025547444 0.5429402372262774 0.8838959854014597 0.5008838959854014 0.8924498175182481 0.5023095346715328 0.9081318430656934 0.5286838503649635 0.9059933850364963 0.5308223083941606 0.9337933394160584 0.5500684306569342 0.9359317974452555 0.5415145985401459 0.9829778740875912 0.508724908759124 0.9501881843065693 0.5037351733576642 0.9181113138686131 0.4837762317518248 0.9259523266423357 0.47736085766423353 0.8831831660583941 0.47308394160583933 0.8589473083941606 0.4502737226277372 0.8632242244525546 0.44171989051094884 0.8867472627737225 0.4388686131386861 0.8639370437956204 0.40037636861313863 0.87391651459854 0.3854071624087591 0.8853216240875912 0.37685333029197077 0.8639370437956204 0.364735401459854 0.8539575729927007 0.3625969434306569 0.9024292883211679 0.33907390510948904 0.855383211678832 0.311273950729927 0.8204550638686131 0.31483804744525545 0.811188412408759 0.2777714416058394 0.7491731295620437 0.2870380930656934 0.7377680200729927 0.28489963503649635 0.7163834397810218 0.25139712591240876 0.7242244525547444 0.25282276459854014 0.7049783302919708 0.22858690693430656 0.7071167883211679 0.19508439781021897 0.7142449817518247 0.1665716240875912 0.68359375 0.13592039233576642 0.6907219434306568 0.1138229927007299 0.6714758211678832 0.07533074817518247 0.6664860857664233 0.07034101277372262 0.6358348540145985 0.07889484489051093 0.6009067062043795 0.05323334854014598 0.5802349452554744 0.0831717609489051 0.5374657846715328 0.08673585766423357 0.47972741788321166 0.10812043795620438 0.45905565693430656 0.11809990875912407 0.43980953467153283 0.13378193430656932 0.4783017791970803 0.1487511405109489 0.4733120437956204 0.14019730839416056 0.4497890054744525 0.1138229927007299 0.40630702554744524 0.11168453467153283 0.38563526459854014 0.1373460310218978 0.3827839872262773 0.1687100821167883 0.3642506843065693 0.17084854014598538 0.3977531934306569 0.1808280109489051 0.4112967609489051 0.1801151916058394 0.427691605839416 0.1815408302919708 0.45477874087591236 0.18510492700729925 0.3991788321167883 0.1808280109489051 0.3585481295620438 0.19579721715328466 0.3564096715328467 0.18653056569343063 0.29582002737226276 0.1687100821167883 0.3057994981751825 0.1687100821167883 0.3428661040145985 0.16372034671532845 0.355696852189781 0.14518704379562042 0.32932253649635035 0.15088959854014597 0.2772867244525547 0.1480383211678832 0.23879447992700728 0.14091012773722628 0.2594662408759124 0.1259409215328467 0.2145586222627737 0.13520757299270073 0.1960253193430657 0.12380246350364962 0.15824589416058393 0.1138229927007299 0.15610743613138686 0.11738708941605838 0.13472285583941604 0.10099224452554745 0.1504048813868613 0.08958713503649635 0.1311587591240876 0.11809990875912407 0.10906135948905109 0.14019730839416056 0.12545620437956204 0.1701357208029197 0.1176151916058394 0.16799726277372262 0.07841012773722628 0.15302805656934304 0.08838959854014598 0.15516651459854014 0.06985629562043795 0.1808280109489051 0.034215328467153285 0.2014997718978102 0.07270757299270073 0.19864849452554742 0.10193316605839416
0 0.0028428047153024917 0.4177324288256228 0.012573676601423486 0.4017459964412811 0.02021936165480427 0.4170373665480427 0.045241603647686826 0.4073064946619217 0.06331322286476868 0.4024410587188612 0.048716915035587186 0.37255338078291816 0.0702638456405694 0.37463856761565834 0.06470334741992882 0.35934719750889677 0.045936665925266906 0.3572620106761566 0.03273048265124555 0.3760286921708185 0.018829237099644125 0.37463856761565834 0.02021936165480427 0.35587188612099646 0.007708240658362987 0.37255338078291816 0.0 0.3671875
0 0.0014526801601423486 0.7478870106761566 0.03342554492882562 0.7555326957295374 0.05705766236654804 0.7722141903914591 0.05010703959074733 0.7437166370106761 0.04246135453736655 0.7451067615658363 0.05288728870106761 0.713133896797153 0.055667537811387904 0.6818560943060498 0.048716915035587186 0.6568338523131673 0.029950233540925263 0.635286921708185 0.05775272464412812 0.6283362989323843 0.0702638456405694 0.6700400355871886 0.07860459297153025 0.7068783362989324 0.08972558941281139 0.7235598309608541 0.08068977980427046 0.7298153914590747 0.08068977980427046 0.752057384341637 0.08972558941281139 0.7666536921708185 0.10710214635231316 0.7444116992882562 0.10015152357651246 0.7159141459074733 0.09737127446619216 0.6901968416370107 0.11683301823843417 0.7346808274021353 0.13212438834519571 0.7555326957295374 0.1279540146797153 0.7777746886120996 0.11057745774021352 0.7826401245551601 0.12725895240213522 0.7944561832740213 0.11752808051601424 0.8125278024911032 0.1064070840747331 0.8479759786476868 0.08625027802491103 0.8716080960854092 0.06748359653024912 0.8556216637010676 0.05983791147686833 0.8187833629893239 0.034120607206405695 0.7944561832740213 0.016048987989323846 0.8097475533807829 0.02160948620996441 0.8215636120996441 0.0146588634341637 0.8375500444839857 0.004232929270462631 0.840330293594306 0.015353925711743772 0.8535364768683273 0.023694673042704624 0.8827290925266904 0.048716915035587186 0.8736932829181494 0.048716915035587186 0.8959352758007118 0.06400828514234876 0.9147019572953736 0.05983791147686833 0.9244328291814946 0.06331322286476868 0.9438945729537367 0.0966762121886121 0.9591859430604982 0.07443421930604982 0.9779526245551601 0.06470334741992882 0.9981094306049821 0.0014526801601423486 0.9988044928825622
0 0.03291783707865169 0.616112183988764 0.02578563904494382 0.6281820575842697 0.020299332865168537 0.6177580758426966 0.0175561797752809 0.6078827247191011 0.03730688202247191 0.6051395716292135
0 0.0070196881606765325 0.5273024577167018 0.02642706131078224 0.5107855443974629 0.02188491014799154 0.5363867600422833 0.05615750528541226 0.5384513742071881 0.03427259513742072 0.5533165961945031 0.012387684989429174 0.5417547568710359
0 0.10168650793650794 0.9970238095238095 0.12524801587301587 0.959201388888889 0.1277281746031746 0.9356398809523809 0.14322916666666666 0.9046378968253969 0.14694940476190477 0.8785962301587302 0.17175099206349206 0.8854166666666667 0.19593253968253968 0.8643353174603174 0.1996527777777778 0.9250992063492064 0.1674107142857143 0.933779761904762 0.17857142857142858 0.9598214285714286 0.18353174603174605 0.9393601190476191 0.21143353174603174 0.9443204365079365 0.2064732142857143 0.9263392857142857 0.22631448412698413 0.9151785714285715 0.2275545634920635 0.8872767857142857 0.21763392857142858 0.9176587301587302 0.2095734126984127 0.8885168650793651 0.22135416666666669 0.8624751984126985 0.2021329365079365 0.8531746031746033 0.2064732142857143 0.8358134920634921 0.22321428571428573 0.8364335317460317 0.2269345238095238 0.8041914682539683 0.24057539682539683 0.8209325396825397 0.2387152777777778 0.7744295634920635 0.24367559523809523 0.7601686507936508 0.24987599206349206 0.7905505952380952 0.24429563492063494 0.832093253968254 0.2486359126984127 0.8389136904761905 0.2542162698412698 0.8351934523809524 0.25483630952380953 0.8537946428571429 0.24057539682539683 0.8618551587301587 0.24367559523809523 0.8816964285714286 0.2517361111111111 0.869295634920635 0.2666170634920635 0.8934771825396826 0.25483630952380953 0.9009176587301587 0.2709573412698413 0.9343998015873016 0.2926587301587302 0.9027777777777778 0.30071924603174605 0.8990575396825397 0.3025793650793651 0.9523809523809524 0.3149801587301587 0.9263392857142857 0.3230406746031746 0.9976438492063492 0.29637896825396826 0.998263888888889 0.2914186507936508 0.9734623015873016 0.28583829365079366 0.998263888888889
0 0.9985430064308682 0.0 0.9244372990353699 0.0018840434083601287 0.9376256028938907 0.04207696945337621 0.956466036977492 0.07033762057877814 0.9476738344051447 0.09169011254019294 0.9627461816720257 0.10676245980707395 0.9552100080385852 0.12497487942122187 0.9338575160771705 0.1293709807073955 0.9169011254019293 0.07724577974276528 0.8942926045016077 0.08917805466237942 0.9024567926045016 0.10864650321543409 0.8942926045016077 0.11995076366559486 0.9156450964630225 0.1588876607717042 0.9401376607717042 0.1450713424437299 0.9627461816720257 0.13941921221864953 0.9326014871382637 0.16453979099678456 0.9683983118971061 0.15951567524115756 0.9451617765273312 0.19217242765273312 0.971538384244373 0.24743770096463025 0.9570940514469454 0.2656501205787781 0.9621181672025724 0.30521503215434087 0.9985430064308682 0.2807224678456592
0 0.9108872441520468 0.27754934210526316 0.9205957602339181 0.2581323099415205 0.9308753654970761 0.2581323099415205 0.9148848684210527 0.24271290204678364 0.901749817251462 0.2307200292397661 0.8983232821637427 0.25070815058479534
0 0.610094572368421 0.9775904605263157 0.5895353618421052 0.9894120065789473 0.56640625 0.9827302631578947 0.5828536184210525 0.9652549342105262 0.5859375 0.9452097039473684 0.610094572368421 0.9549753289473684 0.6157483552631579 0.9729646381578947
0 0.5849095394736842 0.4774876644736842 0.6018708881578947 0.48828124999999994 0.595189144736842 0.4975328947368421 0.604954769736842 0.5129523026315789 0.5890213815789473 0.5057565789473684 0.5787417763157894 0.49136513157894735 0.5705180921052632 0.49187911184210525 0.5792557565789473 0.5093544407894737 0.5643503289473684 0.4975328947368421 0.5581825657894737 0.4728618421052631 0.5705180921052632 0.4512746710526315 0.5869654605263157 0.45744243421052627
1 0.7109123794212219 0.9910068327974277 0.7165645096463023 0.9740504421221865 0.6801396704180065 0.9495578778135049 0.6531350482315113 0.9326014871382637 0.6022658762057878 0.9112489951768489 0.5645850080385852 0.8804762861736335 0.5551647909967846 0.8308631430868167 0.5897055868167203 0.8321191720257235 0.5878215434083601 0.8666599678456592 0.6035219051446945 0.8898965032154341 0.6531350482315113 0.9106209807073955 0.7115403938906752 0.9583500803858521 0.7247286977491961 0.9194131832797428 0.7542453778135049 0.8528436495176849 0.7416850884244374 0.8390273311897106 0.7253567122186495 0.8063705787781351 0.7140524517684887 0.7768538987138264 0.6870478295819936 0.766177652733119 0.6694634244372991 0.791298231511254 0.6361786575562701 0.8076266077170419 0.5871935289389068 0.8051145498392284 0.5595608922829582 0.8000904340836014 0.5369523713826366 0.7982063906752412 0.5356963424437299 0.786274115755627 0.5532807475884245 0.7881581591639871 0.6129421221864952 0.7956943327974277 0.6531350482315113 0.78125 0.6719754823151126 0.7605255225080386 0.6631832797427653 0.7398010450160772 0.6512510048231511 0.7153084807073955 0.6512510048231511 0.6857918006430869 0.6638112942122186 0.6744875401929261 0.6682073954983924 0.6418307877813505 0.6813956993569132 0.659415192926045 0.6675793810289389 0.6908159163987139 0.6606712218649518 0.7109123794212219 0.6769995980707396 0.7485932475884245 0.6996081189710611 0.756129421221865 0.7291247990353698 0.7655496382636656 0.7404290594855306 0.8000904340836014 0.7573854501607717 0.8302351286173634 0.7843900723472669 0.8226989549839229 0.8038585209003216 0.8283510852090032 0.8139067524115756 0.8277230707395499 0.82960711414791 0.8333752009646302 0.8616358520900322 0.8252110128617364 0.9087369372990354 0.8157907958199357 0.9212972266881029 0.8176748392282959 0.9206692122186495 0.8371432877813505 0.8716840836012862 0.8490755627009646 0.8239549839228296 0.8522156350482315 0.8019744774919615 0.8421674035369775 0.7793659565916399 0.8471915192926045 0.7617815514469454 0.862891881028939 0.7454531752411576 0.9043408360128617 0.7310088424437299 0.9608621382636656 0.7649216237942122 0.9828426446945338 0.7536173633440515 0.9954029340836014 0.7266127411575563 0.9822146302250804 0.7209606109324759 0.994774919614148
1 0.999431368670886 0.8232792721518987 0.9988132911392404 0.808445411392405 0.9889240506329113 0.7905211629746836 0.9475128560126582 0.7701246044303797 0.9413320806962024 0.7410749604430379 0.9524574762658228 0.7120253164556962 0.9660551819620252 0.6730864319620253 0.9802709651898733 0.6446548655063291 0.9777986550632911 0.6125148338607594 0.9833613528481012 0.6007713607594937 0.9728540348101266 0.6007713607594937 0.9691455696202531 0.5884098101265822 0.9697636471518987 0.5537974683544303 0.9685274920886076 0.5420539952531646 0.9759444224683543 0.5185670490506329 0.9969590585443038 0.5191851265822784 0.9969590585443038 0.511150118670886 0.9790348101265822 0.5062054984177214 0.9728540348101266 0.49693433544303794 0.9629647943037974 0.48457278481012656 0.950603243670886 0.47344738924050633 0.946276700949367 0.4672666139240506 0.9444224683544303 0.44687005537974683 0.9357693829113923 0.4240011867088607 0.9370055379746836 0.377645371835443 0.9425682357594937 0.35106803797468356 0.9314428401898733 0.32387262658227844 0.9431863132911392 0.29296875 0.9499851661392404 0.2867879746835443 0.9450405458860759 0.2806071993670886 0.9456586234177214 0.26144679588607594 0.9425682357594937 0.24043215981012658 0.9394778481012658 0.22621637658227847 0.9357693829113923 0.2008751977848101 0.9271162974683543 0.19469442246835442 0.9258801424050632 0.21879944620253164 0.9252620648734177 0.23857792721518986 0.927734375 0.27813488924050633 0.923407832278481 0.30347606803797467 0.8949762658227848 0.31151107594936706 0.8560373813291139 0.3220183939873418 0.8065911787974683 0.32696301424050633 0.7750692246835442 0.32819916930379744 0.7695065268987341 0.3152195411392405 0.750964200949367 0.3096568433544304 0.7614715189873418 0.3263449367088607 0.7880488528481012 0.3430330300632911 0.8189527294303797 0.35230419303797467 0.874579707278481 0.33808840981012656 0.9246439873417721 0.3275810917721519 0.9240259098101266 0.3529222705696202 0.9289705300632911 0.4029865506329114 0.9351513053797468 0.46479430379746833 0.9567840189873418 0.4950801028481012 0.9716178797468354 0.5148585838607594 0.963582871835443 0.5401997626582278 0.9648190268987341 0.5711036392405063 0.9691455696202531 0.6094244462025317 0.9691455696202531 0.6415644778481012 0.9604924841772151 0.670614121835443 0.9431863132911392 0.7046083860759493 0.9289705300632911 0.7379845727848101 0.927734375 0.7651799841772151 0.9215535996835442 0.7917573180379747 0.9252620648734177 0.8121538765822784 0.9363874604430379 0.7837223101265822 0.9629647943037974 0.7973200158227848
1 0.7782077492211839 0.3510757398753894 0.7459598909657321 0.41739680685358255 0.7459598909657321 0.43565031152647976 0.7715147975077882 0.3833235981308411
1 0.7364332507082152 0.4763854461756374 0.7297937322946175 0.5012836402266289 0.7076620042492917 0.5411207507082153 0.685530276203966 0.5776381019830028 0.6539925637393768 0.6069626416430595 0.6080692280453257 0.5992165368271954 0.5875973796033994 0.6235614376770537 0.5776381019830028 0.6501195113314447 0.5510800283286118 0.6595254957507082 0.5676788243626062 0.6445865793201133 0.5804045679886685 0.6130488668555241 0.5964500708215297 0.5903638456090651 0.567125531161473 0.5732117563739376 0.5328213526912181 0.5638057719546742 0.5167758498583569 0.5217554886685553 0.5626991855524079 0.5615925991501416 0.5848309135977336 0.5549530807365439 0.60530276203966 0.5815111543909348 0.6451398725212464 0.5925770184135977 0.6811039305949008 0.567125531161473 0.6899566218130311 0.5317147662889518 0.7026823654390935 0.509583038243626 0.7203877478753541 0.4835782577903682 0.7270272662889518 0.4631064093484419
1 0.6499191810344828 0.06809746168582376 0.6312110871647509 0.09578544061302682 0.599407327586207 0.15827047413793105 0.5679777298850575 0.19606082375478928 0.5604944923371648 0.21514307950191572 0.581821719348659 0.22487128831417624 0.5459021791187739 0.22674209770114945 0.5459021791187739 0.23310284961685826 0.5949173850574713 0.23010955459770116 0.6214828783524905 0.24694683908045978 0.663014846743295 0.2585458572796935 0.6925736350574713 0.27276400862068967 0.7037984913793104 0.272389846743295 0.7311123084291188 0.28398886494252873 0.7472012691570882 0.28585967432950193 0.7546845067049809 0.29745869252873564 0.7438338122605365 0.29745869252873564 0.7168941570881227 0.2877304837164751 0.6966894157088123 0.2922204262452107 0.664137332375479 0.28511135057471265 0.6446809147509579 0.27351233237547895 0.6241020114942529 0.2686482279693487 0.6009039750957854 0.2548042385057471 0.5586236829501916 0.2439535440613027 0.5324323515325671 0.25405591475095785 0.505866858237548 0.2824922174329502 0.4867846024904215 0.2955878831417625 0.48379130747126436 0.28585967432950193 0.5111051245210728 0.26528077107279696 0.5316840277777778 0.23198036398467434 0.5384189415708812 0.20616319444444445 0.561242816091954 0.18446180555555555 0.5765834530651341 0.1567738266283525 0.602400622605364 0.12422174329501916 0.6289661159003832 0.08119312739463602
