1 0.9654185435435435 0.002346096096096096 0.9595533033033032 0.022874436936936936 0.9495823948948948 0.04692192192192192 0.9478228228228228 0.0780076951951952 0.9577937312312312 0.09560341591591591 0.9748029279279279 0.11847785285285285 0.9959177927927928 0.14252533783783783 0.9953312687687688 0.15073667417417416 0.9736298798798798 0.13841966966966968 0.9589667792792793 0.14193881381381382 0.9613128753753754 0.1173048048048048 0.9536880630630631 0.10792042042042042 0.9355058183183182 0.11026651651651652 0.9179100975975976 0.1319679054054054 0.9378519144144144 0.15484234234234234 0.9102852852852853 0.15484234234234234 0.8985548048048048 0.16305367867867868 0.8915165165165165 0.18651463963963963 0.8762668918918919 0.21408126876876876 0.8651229354354354 0.2422344219219219 0.8440080705705706 0.27801238738738737 0.8105762012012012 0.30675206456456455 0.7900478603603603 0.3120307807807808 0.7888748123123123 0.34311655405405406 0.7959131006006006 0.36071227477477474 0.7906343843843844 0.3712697072072072 0.7994322447447447 0.38769237987987987 0.8023648648648648 0.4246433933933934 0.8217201576576576 0.42581644144144143 0.8422484984984985 0.43109515765765766 0.8651229354354354 0.4445852102102102 0.87743993993994 0.46804617117117114 0.903833521021021 0.4709787912912913 0.9226022897897898 0.4692192192192192 0.9554476351351351 0.4797766516516516 0.9748029279279279 0.47919012762762764 0.9349192942942943 0.4832957957957958 0.8850647522522522 0.4762575075075075 0.8721612237237237 0.47449793543543545 0.8616037912912913 0.45103697447447444 0.8346236861861862 0.4410660660660661 0.807057057057057 0.4352008258258258 0.7970861486486487 0.43813344594594594 0.7871152402402403 0.45396959459459457 0.7900478603603603 0.4316816816816817 0.7918074324324325 0.4029420045045045 0.7789039039039038 0.3830001876876877 0.7747982357357357 0.3483952702702703 0.7789039039039038 0.3132038288288288 0.7718656156156156 0.30205987237237236 0.7407798423423423 0.2903293918918919 0.7161458333333334 0.28387762762762764 0.6956174924924925 0.2580705705705706 0.6897522522522522 0.25044575825825827 0.6709834834834835 0.2510322822822823 0.6592530030030029 0.2516188063063063 0.6639451951951951 0.23285003753753752 0.6539742867867868 0.2176004129129129 0.6440033783783784 0.1953125 0.6463494744744744 0.1730245870870871 0.6539742867867868 0.14017924174174173 0.6539742867867868 0.1266891891891892 0.6627721471471472 0.12844876126126126 0.6709834834834835 0.12434309309309309 0.659839527027027 0.14545795795795796 0.6539742867867868 0.16246715465465464 0.6522147147147147 0.18592811561561562 0.6633586711711712 0.21056212462462462 0.6739161036036035 0.22815784534534533 0.6856465840840841 0.2422344219219219 0.6967905405405406 0.243993993993994 0.7050018768768769 0.2516188063063063 0.7143862612612613 0.26686843093093093 0.7267032657657657 0.27801238738738737 0.7542698948948949 0.27977195945945943 0.7759712837837838 0.2909159159159159 0.7941535285285285 0.29678115615615613 0.8129222972972973 0.2832911036036036 0.8375563063063063 0.25865709459459457 0.855738551051051 0.2469266141141141 0.856325075075075 0.22170608108108109 0.8698151276276276 0.1976585960960961 0.88037256006006 0.17478415915915915 0.8985548048048048 0.14369838588588588 0.9208427177177178 0.11789132882882883 0.9366788663663663 0.0903246996996997 0.9325731981981982 0.07096940690690691 0.9319866741741741 0.060411974474474474 0.9472362987987988 0.026393581081081082 0.954861111111111 0.001759572072072072
1 0.7430686090225563 0.0014685150375939849 0.741110588972431 0.007832080200501253 0.7244674185463659 0.02006970551378446 0.714187813283208 0.03720238095238095 0.7092927631578947 0.05286654135338346 0.7078242481203008 0.06314614661654135 0.7058662280701754 0.06363565162907268 0.7073347431077693 0.07195723684210525 0.6960761278195489 0.07342575187969924 0.6833489974937343 0.08272634711779449 0.6833489974937343 0.096921992481203 0.6706218671679197 0.10426456766917293 0.6735588972431077 0.09251644736842105 0.6681743421052632 0.08419486215538846 0.6598527568922306 0.07881030701754385 0.6764959273182957 0.07881030701754385 0.6867755325814536 0.06412515664160401 0.6965656328320802 0.04992951127819548 0.7004816729323308 0.050419016290726815 0.7048872180451128 0.033775845864661654 0.7176143483709273 0.015664160401002505 0.7264254385964912 0.0
1 0.2334938909774436 0.012237625313283207 0.2501370614035088 0.046502976190476185 0.2736333020050125 0.07146773182957393 0.29859805764411024 0.06657268170426064 0.3284578634085213 0.09741149749373433 0.31768875313283207 0.12678179824561403 0.30691964285714285 0.16643170426065163 0.32307330827067665 0.1972705200501253 0.31573073308270677 0.2158717105263158 0.28636043233082703 0.23251488095238093 0.25160557644110276 0.25503211152882205 0.2755913220551378 0.27118577694235585 0.31083568295739344 0.24866854636591476 0.3318843984962406 0.2109766604010025 0.357828164160401 0.228109335839599 0.3916040100250626 0.22027725563909772 0.41607926065162903 0.23055686090225563 0.45181312656641603 0.24573151629072681 0.48363095238095233 0.2472000313283208 0.5134907581453634 0.25160557644110276 0.5022321428571428 0.23055686090225563 0.4713933270676691 0.23202537593984962 0.42537985588972427 0.21146616541353383 0.3769188596491228 0.20999765037593984 0.3392269736842105 0.1958020050125313 0.32405231829573933 0.16055764411027568 0.3372689536340852 0.11846021303258145 0.3406954887218045 0.1003485275689223 0.32258380325814534 0.07342575187969924 0.31573073308270677 0.04356594611528822 0.30936716791979946 0.01762218045112782 0.29174498746867167 0.05384555137844611 0.2662907268170426 0.03720238095238095 0.24475250626566414 0.007342575187969925
1 0.7854827786377709 0.49704914860681115 0.7721797600619195 0.5218411377708978 0.7733891253869969 0.5544940015479877 0.7492018188854489 0.591984326625387 0.7401315789473685 0.5756578947368421 0.7576673761609907 0.5369582043343654 0.7661329334365325 0.507328753869969 0.7824593653250774 0.47648993808049533
1 0.9867749183006536 0.7199754901960784 0.9574142156862745 0.7167841094771241 0.9395424836601307 0.7314644607843137 0.9114583333333334 0.721890318627451 0.9031607434640523 0.7333792892156863 0.8942248774509803 0.7180606617647058 0.869970383986928 0.7148692810457516 0.8367800245098039 0.7116779003267973 0.815078635620915 0.6969975490196079 0.7863562091503268 0.6842320261437909 0.7569955065359477 0.6727430555555556 0.730187908496732 0.6357230392156863 0.7104013480392156 0.6165747549019608 0.696359272875817 0.5712571486928104 0.7250816993464052 0.6101919934640523 0.7467830882352942 0.636999591503268 0.7691227532679739 0.6567861519607843 0.802313112745098 0.6797640931372549 0.8355034722222222 0.6957209967320261 0.8757148692810457 0.709124795751634 0.9012459150326797 0.7001889297385621 0.9229473039215687 0.7135927287581699 0.9567759395424836 0.709124795751634 0.9797538807189542 0.7116779003267973
0 0.001999786689419795 0.3606281996587031 0.0013331911262798634 0.28063673208191126 0.01999786689419795 0.27597056313993173 0.03266318259385665 0.28463630546075086 0.03066339590443686 0.2626386518771331 0.026663822525597267 0.23797461604095563 0.047994880546075085 0.20664462457337882 0.05866040955631399 0.22264291808873718 0.05399424061433447 0.263305247440273 0.07599189419795221 0.2606388651877133 0.08265784982935154 0.28063673208191126 0.09998933447098976 0.28063673208191126 0.10532209897610921 0.25997226962457337 0.13131932593856654 0.2679714163822525 0.12465337030716724 0.3066339590443686 0.13131932593856654 0.36862734641638223 0.14598442832764505 0.39862414675767915 0.1426514505119454 0.42395477815699656 0.15065059726962457 0.4419528583617747 0.15864974402730375 0.4072898890784983 0.1726482508532423 0.409956271331058 0.1833137798634812 0.41995520477815695 0.1786476109215017 0.44061966723549484 0.2059780290102389 0.47594923208191126 0.22464270477815698 0.5046128412969283 0.25130652730375425 0.5499413395904437 0.263971843003413 0.5719389931740614 0.22197632252559726 0.5719389931740614 0.21131079351535836 0.5259438993174061 0.21264398464163822 0.5792715443686006 0.22664249146757678 0.6272664249146758 0.2059780290102389 0.6692619453924914 0.19064633105802048 0.6859268344709897 0.23864121160409554 0.6892598122866894 0.23530823378839588 0.7499200085324231 0.21930994027303752 0.7399210750853242 0.22330951365187712 0.7625853242320819 0.21131079351535836 0.7985814846416381 0.19797888225255972 0.7852495733788395 0.18664675767918087 0.8025810580204777 0.18864654436860068 0.7519197952218429 0.19597909556313992 0.7132572525597269 0.17131505972696245 0.7519197952218429 0.1573165529010239 0.7745840443686006 0.1533169795221843 0.8072472269624573 0.12665315699658702 0.8072472269624573 0.11598762798634811 0.7879159556313993 0.12665315699658702 0.7379212883959044 0.13931847269624573 0.7065912969283276 0.1306527303754266 0.6419315273037542 0.12265358361774743 0.5712723976109215 0.11598762798634811 0.5319432593856654 0.13131932593856654 0.546608361774744 0.12598656143344708 0.49728029010238906 0.11665422354948805 0.49861348122866894 0.12731975255972697 0.45128519624573377 0.12065379692832764 0.4359534982935153 0.11665422354948805 0.44461924061433444 0.08665742320819113 0.3872920221843003 0.07865827645051195 0.44061966723549484 0.08265784982935154 0.4799488054607508 0.06999253412969283 0.5139451791808873 0.01999786689419795 0.5532743174061433 0.020664462457337884 0.517278156996587 0.03932913822525597 0.5039462457337883 0.043995307167235494 0.45328498293515357 0.03132999146757679 0.4839483788395904 0.016664889078498293 0.4646171075085324 0.025330631399317405 0.42528796928327645 0.03066339590443686 0.40195712457337884 0.017998080204778156 0.37529330204778155
0 0.41208186619718307 0.3009463028169014 0.4181338028169014 0.32185299295774644 0.42143485915492956 0.3295554577464789 0.41263204225352107 0.3427596830985915 0.41593309859154926 0.35486355633802813 0.40602992957746475 0.3642165492957746 0.40272887323943657 0.3779709507042253 0.4071302816901408 0.39282570422535207 0.42143485915492956 0.37026848591549294 0.430787852112676 0.3983274647887324 0.4175836267605634 0.4065801056338028 0.41318221830985913 0.4467429577464788 0.3988776408450704 0.4555457746478873 0.40933098591549294 0.46489876760563376 0.42583626760563376 0.48085387323943657 0.4274867957746479 0.5105633802816901 0.42913732394366194 0.5243177816901408 0.4340889084507042 0.5133142605633803 0.43133802816901406 0.4753521126760563 0.43573943661971826 0.46819982394366194 0.42858714788732394 0.44839348591549294 0.4467429577464788 0.4186839788732394 0.4533450704225352 0.44124119718309857 0.4395906690140845 0.44564260563380276 0.4467429577464788 0.4599471830985915 0.45059419014084506 0.4566461267605633 0.45059419014084506 0.47810299295774644 0.449493838028169 0.5078125 0.4406910211267605 0.5342209507042253 0.42583626760563376 0.5628301056338028 0.42198503521126757 0.5793353873239436 0.41318221830985913 0.6046434859154929 0.41263204225352107 0.5881382042253521 0.39997799295774644 0.6035431338028169 0.3944762323943662 0.6013424295774648 0.3977772887323943 0.6205985915492958 0.39612676056338025 0.6530589788732394 0.39282570422535207 0.685519366197183 0.4016285211267605 0.7482394366197183 0.41318221830985913 0.7961047535211268 0.42968749999999994 0.7652948943661971 0.45169454225352107 0.7889524647887324 0.4324383802816901 0.8285651408450704 0.4065801056338028 0.8538732394366196 0.40217869718309857 0.8126100352112675 0.3796214788732394 0.8071082746478873 0.36311619718309857 0.822513204225352 0.34716109154929575 0.7939040492957746 0.3268045774647887 0.7383362676056338 0.31745158450704225 0.8351672535211268 0.30754841549295775 0.820862676056338 0.313600352112676 0.8005061619718309 0.29489436619718307 0.7614436619718309 0.2998459507042253 0.7185299295774648 0.2877420774647887 0.7344850352112675 0.2838908450704225 0.7091769366197183 0.29269366197183094 0.6899207746478873 0.2838908450704225 0.6283010563380281 0.30424735915492956 0.645906690140845 0.30149647887323944 0.6101452464788732 0.3301056338028169 0.6079445422535211 0.33395686619718307 0.626650528169014 0.3427596830985915 0.605743838028169 0.3493617957746479 0.6150968309859155 0.3499119718309859 0.5721830985915493 0.3658670774647887 0.5430237676056338 0.3592649647887324 0.527618838028169 0.3691681338028169 0.5188160211267605 0.352662852112676 0.5045114436619718 0.33725792253521125 0.5017605633802816 0.34110915492957744 0.469300176056338 0.3554137323943662 0.48360475352112675 0.35046214788732394 0.45884683098591544 0.37081866197183094 0.45169454225352107 0.38072183098591544 0.4555457746478873 0.3812720070422535 0.4368397887323943 0.3697183098591549 0.44289172535211263 0.371368838028169 0.40547975352112675 0.37687059859154926 0.3757702464788732 0.3785211267605634 0.3493617957746479 0.3950264084507042 0.35706426056338025 0.4065801056338028 0.352662852112676 0.4087808098591549 0.33395686619718307 0.40988116197183094 0.313050176056338 0.3878741197183098 0.30149647887323944 0.3889744718309859 0.2772887323943662 0.39282570422535207 0.254731514084507 0.410981514084507 0.24922975352112675 0.42143485915492956 0.25913292253521125 0.41923415492957744 0.22722271126760563 0.44839348591549294 0.23877640845070422 0.4439920774647887 0.26683538732394363 0.45114436619718307 0.29599471830985913 0.43849031690140844 0.332856514084507
0 0.4533400229357798 0.3565797018348624 0.4569237385321101 0.41093272171253825 0.44617259174311924 0.39241685779816515
0 0.49096903669724773 0.286697247706422 0.5023174694189603 0.31118597094801226 0.4849961773700306 0.32133983180428133 0.4718558868501529 0.3004348241590214 0.48559346330275227 0.2962538226299694
0 0.644750702247191 0.20496839887640447 0.6285112359550562 0.24929775280898875 0.6179775280898876 0.28002106741573035 0.6302668539325842 0.2830933988764045 0.6324613764044944 0.31337780898876405 0.6070049157303371 0.31996137640449435 0.6118328651685393 0.29187148876404495 0.5907654494382022 0.27299859550561795 0.5727703651685393 0.27431530898876405 0.5600421348314607 0.25719803370786515 0.5596032303370786 0.23920294943820225 0.5639922752808989 0.21155196629213482 0.5802317415730337 0.19575140449438203 0.5929599719101123 0.1602001404494382 0.6127106741573033 0.16151685393258428 0.6162219101123595 0.18302317415730338 0.6412394662921348 0.19311797752808987
0 0.6323860867446394 0.5299707602339181 0.6537067495126706 0.5463419834307992 0.6681743421052632 0.5276864035087719 0.6647478070175439 0.5090308235867447 0.674646686159844 0.49304032651072127 0.6872106481481481 0.5196911549707602 0.6944444444444444 0.48847161306042886 0.6872106481481481 0.47438474658869395 0.6742659600389864 0.4359314083820663 0.6662707115009747 0.44468810916179335 0.6639863547758285 0.4713389376218324 0.6586561890838207 0.47666910331384016 0.6590369152046783 0.4656280458089669 0.6464729532163743 0.45725207115009747 0.6453307748538012 0.4675316764132554 0.6327668128654971 0.46715095029239767 0.6400006091617934 0.4523026315789474 0.627817373294347 0.436312134502924 0.6247715643274854 0.46296296296296297 0.6304824561403509 0.49418250487329435 0.6259137426900585 0.5204526072124757
0 0.6902593972419929 0.9689168149466192 0.6909544595195729 0.9994995551601423 0.6103272353202847 0.9967193060498221 0.6061568616548043 0.957795818505338 0.5971210520462633 0.9807328736654805 0.5832198064946619 0.9452846975088968 0.5894753669928825 0.8952402135231317 0.6172778580960854 0.9195673932384342 0.623533418594306 0.8799488434163701 0.6304840413701067 0.8479759786476868 0.6117173598754448 0.8312944839857651 0.6061568616548043 0.8535364768683273 0.5957309274911032 0.8424154804270463 0.602681550266904 0.8146129893238434 0.6005963634341637 0.7847253113879004 0.6193630449288257 0.7506672597864769 0.6117173598754448 0.7110487099644128 0.5693185609430604 0.6922820284697508 0.5790494328291815 0.6679548487544484 0.5860000556049821 0.6616992882562277 0.5769642459964412 0.5928881227758007 0.5894753669928825 0.5838523131672598 0.6019864879893239 0.5421485765124555 0.5825247442170819 0.5108707740213523 0.602681550266904 0.5157362099644128 0.6207531694839857 0.5442337633451957 0.6249235431494662 0.5824621886120996 0.6485556605871886 0.5692560053380783 0.6659322175266904 0.5908029359430604 0.6728828403024911 0.624165925266904 0.6881742104092526 0.6707350978647687 0.701380393683274 0.722864768683274 0.720842137455516 0.7861154359430604 0.7291828847864769 0.8034919928825622 0.7333532584519573 0.8458907918149466 0.7430841303380783 0.8834241548042705 0.7430841303380783 0.8973254003558718 0.7493396908362989 0.8841192170818505 0.7521199399466192 0.9049710854092526 0.7778372442170818 0.9112266459074733 0.789653302935943 0.9049710854092526 0.7945187388790036 0.9265180160142349 0.8167607317615658 0.966831628113879 0.8264916036476868 0.9994995551601423 0.7055507673487544 0.9981094306049821 0.7097211410142349 0.9807328736654805
0 0.17746135752688172 0.9455855174731183 0.15646001344086022 0.921959005376344 0.15015961021505375 0.9025327620967741 0.14438424059139784 0.8836315524193548 0.1522597446236559 0.8521295362903225 0.16381048387096772 0.8342783938172043 0.1732610887096774 0.7917506720430108 0.16801075268817203 0.844779065860215 0.16118531586021503 0.8710307459677419 0.1617103494623656 0.8957073252688171 0.1674857190860215 0.9182837701612903 0.18376176075268816 0.9230090725806451 0.18113659274193547 0.9408602150537634
0 0.000586524024024024 0.9988504129129129 0.000586524024024024 0.9536880630630631 0.014076576576576577 0.9478228228228228 0.01173048048048048 0.9736298798798798 0.021701388888888888 0.9923986486486486 0.031085773273273273 0.9947447447447447 0.02522053303303303 0.9671781156156156 0.021701388888888888 0.9448902027027026 0.03812406156156156 0.9226022897897898 0.052787162162162164 0.9419575825825826 0.041643205705705705 0.9695242117117117 0.04516234984984985 0.9982638888888888
0 0.9678819444444444 0.5574156746031746 0.9368799603174603 0.482390873015873 0.9393601190476191 0.5301339285714286 0.9182787698412699 0.5059523809523809 0.912078373015873 0.4619295634920635 0.9064980158730159 0.4334077380952381 0.9232390873015873 0.43092757936507936 0.9263392857142857 0.40054563492063494 0.9294394841269842 0.3125 0.9443204365079365 0.26847718253968256 0.9288194444444444 0.19407242063492064 0.886656746031746 0.1488095238095238 0.8835565476190477 0.0998263888888889 0.9027777777777778 0.11904761904761905 0.9468005952380952 0.13516865079365079 0.9375 0.04898313492063492 0.9164186507936508 0.005580357142857143 0.988343253968254 0.001240079365079365 0.9796626984126985 0.044642857142857144 0.9939236111111112 0.043402777777777776 0.990203373015873 0.06510416666666667 0.9895833333333334 0.08432539682539683 0.9951636904761905 0.11160714285714286 0.9914434523809524 0.20337301587301587 0.9920634920634921 0.27219742063492064 0.9926835317460317 0.32056051587301587 0.9809027777777778 0.3515625 0.986483134920635 0.39000496031746035 0.9871031746031746 0.4166666666666667 0.9796626984126985 0.4166666666666667 0.9796626984126985 0.42844742063492064 0.9691220238095238 0.42844742063492064 0.9709821428571429 0.4625496031746032 0.9914434523809524 0.521453373015873 0.9852430555555556 0.535094246031746
