0 0.001610744521912344 0.3330428286852589 0.027289280378486047 0.3167019422310757 0.030401830179282857 0.3369335159362549 0.023398593127490028 0.3509399900398406 0.03351437998007967 0.3781748007968127 0.0420738919322709 0.3843999003984063 0.055302228585657365 0.41241284860557764 0.0677524277888446 0.39685009960159356 0.05763664093625498 0.3727278386454183 0.09654351344621512 0.36961528884462147 0.10043420069721115 0.3820654880478087 0.10899371264940239 0.40307519920318724 0.13233783615537847 0.41085657370517925 0.13078156125498006 0.394515687250996 0.1681321588645418 0.4155253984063745 0.1657977465139442 0.38284362549800793 0.1665758839641434 0.33459910358565736 0.19692324452191234 0.3330428286852589 0.19925765687250996 0.348605577689243 0.2132641309760956 0.3540525398406374 0.22649246762948205 0.348605577689243 0.23271756723107567 0.3742841135458167 0.25061472858565736 0.36339018924302785 0.2529491409362549 0.3252614541832669 0.2825183640438247 0.3174800796812749 0.2638430652390438 0.27857320717131473 0.24361149153386452 0.2840201693227091 0.2443896289840637 0.2739043824701195 0.2622867903386454 0.2661230079681275 0.22415805527888444 0.23266309760956172 0.1914762823705179 0.2536728087649402 0.15723823456175295 0.26145418326693226 0.21092971862549798 0.23577564741035856 0.19458883217131473 0.21320966135458166 0.15723823456175295 0.19142181274900397 0.14945686005976094 0.19142181274900397 0.1455661728087649 0.16496513944223107 0.11366253735059759 0.18052788844621512 0.12455646165338644 0.19531249999999997 0.11054998754980078 0.1976469123505976 0.09887792579681273 0.18675298804780874 0.10977185009960158 0.16729955179282868 0.08098076444223107 0.13850846613545814 0.07008684013944222 0.1486242529880478 0.0638617405378486 0.12138944223107569 0.056858503486055756 0.1019360059760956 0.03740506723107569 0.099601593625498 0.03662692978087648 0.11438620517928286 0.022620455677290832 0.11905502988047807 0.022620455677290832 0.10427041832669322 0.0008326070717131345 0.12294571713147409
0 0.2492727102102102 0.43930649399399396 0.2662819069069069 0.47567098348348347 0.24106137387387386 0.48388231981981983 0.2246387012012012 0.4686326951951952 0.2076295045045045 0.4709787912912913 0.19648554804804805 0.48388231981981983 0.18534159159159158 0.47215183933933935 0.18768768768768768 0.4692192192192192 0.1736111111111111 0.463940503003003 0.18886073573573572 0.45338307057057053 0.1953125 0.44517173423423423 0.20821602852852852 0.463940503003003 0.219946509009009 0.45983483483483484 0.22405217717717718 0.44399868618618615
0 0.26452233483483484 0.38417323573573575 0.2785989114114114 0.43109515765765766 0.30675206456456455 0.4305086336336336 0.29736768018018017 0.4052881006006006 0.30675206456456455 0.4005959084084084 0.31672297297297297 0.41173986486486486 0.33549174174174173 0.4281625375375375 0.3589527027027027 0.42405686936936937 0.3964902402402402 0.4170185810810811 0.4029420045045045 0.4099802927927928 0.414672484984985 0.415259009009009 0.40470157657657657 0.4322682057057057 0.4052881006006006 0.4410660660660661 0.390625 0.4475178303303303 0.4005959084084084 0.4516234984984985 0.4181916291291291 0.4422391141141141 0.45866178678678676 0.4569022147147147 0.45514264264264265 0.46100788288288286 0.44634478228228225 0.46335397897897895 0.44517173423423423 0.47508445945945943 0.39707676426426425 0.47919012762762764 0.3941441441441441 0.46511355105105107 0.38651933183183185 0.4762575075075075 0.37068318318318316 0.4739114114114114 0.35484703453453453 0.45396959459459457 0.36012575075075076 0.47567098348348347 0.35602008258258255 0.48974756006006004 0.37478885135135137 0.4832957957957958 0.38710585585585583 0.49502627627627627 0.4176051051051051 0.48974756006006004 0.43344125375375375 0.4979588963963964 0.4181916291291291 0.5220063813813813 0.439893018018018 0.5096893768768769 0.45103697447447444 0.5161411411411412 0.44810435435435436 0.5220063813813813 0.4269894894894895 0.5290446696696697 0.4346143018018018 0.5753800675675675 0.48036317567567566 0.5818318318318318 0.4715653153153153 0.5689283033033032 0.48388231981981983 0.5636495870870871 0.4844688438438438 0.5483999624624625 0.46511355105105107 0.5489864864864865 0.4604213588588589 0.5554382507507507 0.45338307057057053 0.5519191066066066 0.4569022147147147 0.5419481981981982 0.46980574324324326 0.5460538663663663 0.4715653153153153 0.5255255255255256 0.45748873873873874 0.5179007132132132 0.4592483108108108 0.49737237237237236 0.47684403153153154 0.489161036036036 0.47332488738738737 0.5184872372372372 0.48740146396396394 0.510862424924925 0.4967858483483483 0.5149680930930931 0.4956128003003003 0.5261120495495495 0.4809496996996997 0.5266985735735735 0.49209365615615613 0.5542652027027027 0.5085163288288288 0.5701013513513513 0.4932667042042042 0.5788992117117117 0.5079298048048048 0.5871105480480481 0.5266985735735735 0.5830048798798799 0.5143815690690691 0.5525056306306306 0.5044106606606606 0.5225929054054054 0.5102759009009009 0.513208521021021 0.5442942942942943 0.5008915165165165 0.5437077702702703 0.4868149399399399 0.5525056306306306 0.47273836336336333 0.5431212462462462 0.43696039789789787 0.5530921546546547 0.4193646771771772 0.5701013513513513 0.43109515765765766 0.5964949324324325 0.4322682057057057 0.6305133258258259 0.4281625375375375 0.6223019894894894 0.4205377252252252 0.6170232732732732 0.40411505255255253 0.6064658408408409 0.4076341966966967 0.5988410285285285 0.4246433933933934 0.5583708708708709 0.4134994369369369 0.5519191066066066 0.3882789039039039 0.5636495870870871 0.37713494744744747 0.5284581456456456 0.3390108858858859 0.5096893768768769 0.3460491741741742 0.5038241366366366 0.3272804054054054 0.4862284159159159 0.3272804054054054 0.488574512012012 0.34546265015015015 0.4715653153153153 0.35836617867867865 0.45748873873873874 0.36071227477477474 0.4516234984984985 0.3448761261261261 0.4445852102102102 0.35719313063063063 0.44634478228228225 0.37654842342342343 0.4222972972972973 0.3724427552552552 0.39473066816816815 0.36716403903903905 0.3759618993993994 0.3542605105105105 0.35132789039039036 0.3589527027027027 0.3442896021021021 0.31613644894894893 0.33607826576576577 0.3225882132132132 0.33842436186186187 0.30557901651651653 0.33079954954954954 0.30675206456456455 0.3401839339339339 0.2903293918918919 0.3249343093093093 0.28974286786786785 0.30792511261261263 0.3208286411411411 0.29443506006006004 0.3196555930930931 0.28622372372372373 0.34077045795795796 0.26686843093093093 0.3372513138138138 0.2568975225225225 0.36599099099099097 0.28035848348348347 0.3636448948948949
0 0.5907245710784313 0.8243336397058824 0.5945542279411764 0.8377374387254902 0.5873736213235294 0.8382161458333334 0.5845013786764706 0.8224188112745098 0.5663105085784313 0.8238549325980392 0.5572150735294118 0.8430032169117647 0.5797143075980392 0.8655024509803921 0.5883310355392157 0.8559283088235294 0.6122663909313726 0.8540134803921569 0.6146599264705882 0.8626302083333334 0.6433823529411764 0.840609681372549 0.6333295036764706 0.8276845894607843 0.620883118872549 0.8123659620098039 0.6338082107843137 0.8018344056372549 0.6175321691176471 0.7984834558823529 0.6079580269607843 0.8037492340686274 0.5845013786764706 0.8003982843137255
0 0.5584137872628726 0.2784129403794038 0.5277142615176151 0.27947154471544716 0.5118351964769647 0.286352472899729 0.5060128726287263 0.3133468834688347 0.48272357723577236 0.3059366531165312 0.45837567750677505 0.30064363143631434 0.4774305555555556 0.28741107723577236 0.4763719512195122 0.2572408536585366 0.49754403794037944 0.2800008468834688 0.5107765921409214 0.27364922086720866 0.5107765921409214 0.26306317750677505 0.5277142615176151 0.2604166666666667 0.5383003048780488 0.2699441056910569 0.5483570460704608 0.2540650406504065
0 0.5880547086720868 0.23924457994579945 0.5817030826558266 0.25829945799457993 0.6055216802168022 0.25988736449864497 0.610814701897019 0.2752371273712737 0.6034044715447154 0.2889989837398374 0.5790565718157181 0.2858231707317073 0.5806444783197832 0.3038194444444445 0.5711170392953929 0.3075245596205962 0.5827616869918699 0.3133468834688347 0.5817030826558266 0.3255208333333333 0.5869961043360433 0.33293106368563685 0.5721756436314364 0.34139989837398377 0.5885840108401084 0.37051151761517614 0.6081681910569106 0.3715701219512195 0.6028751693766937 0.37845105013550134 0.5869961043360433 0.37527523712737126 0.5922891260162602 0.39697662601626016 0.6134612127371274 0.39697662601626016 0.6203421409214093 0.3874491869918699 0.6219300474254743 0.4033282520325203 0.6526295731707317 0.40015243902439024 0.6473365514905149 0.39221290650406504 0.6748602642276423 0.3996231368563686 0.7140286246612466 0.40809197154471544 0.7177337398373984 0.364159891598916 0.6997374661246613 0.390625 0.6981495596205962 0.3689236111111111 0.7055597899728997 0.35463245257452575 0.7235560636856369 0.35992547425474253 0.7209095528455285 0.34192920054200543 0.6854463075880759 0.33028455284552843 0.7092649051490515 0.3265794376693767 0.7325542005420055 0.32499153116531165 0.7246146680216802 0.3054073509485095 0.7129700203252033 0.3154640921409214 0.7150872289972899 0.2990557249322493 0.7500211720867209 0.3133468834688347 0.7447281504065041 0.2942920054200542 0.7341421070460705 0.287940379403794 0.7293783875338753 0.2921747967479675 0.6976202574525745 0.2762957317073171 0.6748602642276423 0.27947154471544716 0.6748602642276423 0.27259061653116534 0.7082063008130082 0.2683561991869919 0.7277904810298103 0.2778836382113821 0.7420816395663957 0.2858231707317073 0.7590193089430894 0.2683561991869919 0.7489625677506775 0.2545943428184282 0.7457867547425474 0.24136178861788618 0.7505504742547425 0.23130504742547425 0.7341421070460705 0.22018970189701897 0.7224974593495935 0.23606876693766937 0.703442581300813 0.23924457994579945 0.6933858401084011 0.23977388211382114 0.6939151422764228 0.2514185298102981 0.6849170054200542 0.25035992547425473 0.6849170054200542 0.24136178861788618 0.6658621273712737 0.2455962059620596 0.6775067750677507 0.2297171409214092 0.6891514227642277 0.2302464430894309 0.6949737466124661 0.21595528455284554 0.6679793360433605 0.20589854336043362 0.6584518970189702 0.21330877371273713 0.6446900406504065 0.2111915650406504 0.6139905149051491 0.2111915650406504 0.6012872628726287 0.21754319105691058 0.5917598238482384 0.23501016260162602
0 0.55239898989899 0.0014796401515151515 0.5459872159090909 0.016769255050505052 0.5489464962121212 0.04636205808080808 0.5287247474747475 0.04241635101010101 0.5405618686868687 0.06461095328282829 0.5277383207070707 0.07299558080808081 0.5341500946969697 0.0823666351010101 0.5464804292929293 0.07644807449494949 0.5711410984848485 0.07694128787878787 0.5647293244949495 0.08138020833333333 0.573113952020202 0.09124447601010101 0.5824850063131313 0.08680555555555555 0.605172821969697 0.09272411616161616 0.5903764204545454 0.04389599116161616 0.6046796085858586 0.043402777777777776 0.605172821969697 0.01775568181818182 0.6105981691919192 0.013809974747474748 0.6120778093434344 0.049321338383838384 0.6268742108585859 0.05523989898989899 0.6392045454545454 0.035018150252525256 0.6579466540404041 0.003452493686868687
0 0.7289693813131313 0.07694128787878787 0.7210779671717171 0.09765625 0.705295138888889 0.10801373106060606 0.6831005366161617 0.11491871843434344 0.7048019255050505 0.1252761994949495 0.7077612058080808 0.11639835858585859 0.7151594065656566 0.11442550505050506 0.7156526199494949 0.1223169191919192 0.7299558080808081 0.12872869318181818 0.7319286616161617 0.10653409090909091 0.7491911300505051 0.09716303661616162 0.7536300505050505 0.07694128787878787 0.7408065025252525 0.06806344696969698
0 0.5539681905370843 0.5294916879795396 0.5564657928388747 0.5454763427109974 0.541480179028133 0.551470588235294 0.5574648337595908 0.5619605179028133 0.5669557225063938 0.5559662723785166 0.5864370204603581 0.5509710677749361 0.5809422953964194 0.5334878516624041
0 0.7672634271099744 0.4805386828644501 0.746283567774936 0.497522378516624 0.7557744565217391 0.5145060741687979 0.8147178708439897 0.5170036764705882 0.8042279411764706 0.4960238171355498 0.7842471227621484 0.49152813299232734 0.7792519181585678 0.479539641943734
1 0.829001753507014 0.2442384769539078 0.8309587925851704 0.22819075651302603 0.82156500501002 0.2317134268537074 0.8031688376753506 0.22349386272545088 0.7875125250501002 0.2004008016032064 0.7718562124248497 0.19022419839679358 0.7491545591182365 0.187875751503006 0.735063877755511 0.1867015280561122 0.7378037324649298 0.17730774048096193 0.7252786823647295 0.1796561873747495 0.7154934869739479 0.16556550601202405 0.70688251503006 0.15264904809619237 0.6908347945891783 0.15499749498997994 0.679875375751503 0.1671311372745491 0.6696987725450901 0.16478269038076152 0.6681331412825651 0.13934118236472945 0.6708729959919839 0.12172783066132264 0.6700901803607214 0.10059180861723446 0.6595221693386774 0.1158567134268537 0.6583479458917836 0.13699273547094187 0.6462143036072144 0.12564190881763526 0.6352548847695391 0.12564190881763526 0.6505197895791582 0.14129822144288576 0.6583479458917836 0.16126002004008017 0.633689253507014 0.16204283567134267 0.6070735220440882 0.1616514278557114 0.5976797344689379 0.14325526052104207 0.5875031312625251 0.14012399799599198 0.562061623246493 0.14364666833667333 0.5855460921843687 0.16673972945891782 0.5957226953907815 0.17182803106212424 0.578500751503006 0.17730774048096193 0.5522764278557114 0.1839616733466934 0.5342716683366733 0.16399987474949898 0.530748997995992 0.14168962925851702 0.5244864729458918 0.10920278056112225 0.5205723947895792 0.13699273547094187 0.5268349198396793 0.16360846693386774 0.5354458917835672 0.19061560621242485 0.5448396793587175 0.19570390781563127 0.5726296342685371 0.19492109218436873 0.6004195891783567 0.1827874498997996 0.6105961923847695 0.18004759519038074 0.6019852204408818 0.2047062875751503 0.6113790080160321 0.21449148296593185 0.6399517785571142 0.2097945891783567 0.6677417334669339 0.2148828907815631 0.6900519789579158 0.21331725951903807 0.711188001002004 0.19648672344689377 0.7295841683366733 0.1972695390781563 0.7636366482965932 0.19922657815631262 0.7785101452905812 0.21527429859719438 0.7969063126252505 0.23367046593186372
1 0.49598174283154123 0.2121135752688172 0.4767305107526882 0.21876400089605735 0.4539790546594982 0.21876400089605735 0.4364779345878136 0.23171482974910393 0.42352710573476704 0.24571572580645162 0.41407650089605735 0.2814180107526882 0.3990255376344086 0.31957045250896055 0.3853746639784946 0.33882168458781364 0.3818744399641577 0.3580729166666667 0.3703237007168459 0.3748739919354839 0.35002240143369173 0.4032258064516129 0.3342713933691756 0.40497591845878134 0.3269209229390681 0.42282706093189965 0.3090697804659498 0.42282706093189965 0.2887684811827957 0.41057627688172044 0.2677671370967742 0.4014756944444444 0.250966061827957 0.38327452956989244 0.22331429211469533 0.3538726478494624 0.21946404569892472 0.3178203405017921 0.2296146953405018 0.3262208781362007 0.23591509856630824 0.3563228046594982 0.2562163978494624 0.3776741711469534 0.2887684811827957 0.4014756944444444 0.3178203405017921 0.40497591845878134 0.33742159498207885 0.39272513440860213 0.353172603046595 0.38747479838709675 0.36997367831541217 0.3566728270609319 0.3773241487455197 0.3311211917562724 0.3913250448028674 0.31432011648745517 0.40847614247311825 0.2597166218637993 0.42212701612903225 0.23451500896057348 0.3944752464157706 0.21386368727598565 0.37137376792114696 0.19181227598566308 0.35982302867383514 0.16941084229390682 0.34477206541218636 0.15435987903225806 0.32447076612903225 0.13510864695340502 0.29891913082437277 0.1281081989247312 0.27231742831541217 0.12005768369175628 0.255516353046595 0.11200716845878136 0.2502660170250896 0.08890568996415771 0.22436435931899643 0.07420474910394265 0.2537662410394265 0.07770497311827956 0.27301747311827956 0.09975638440860216 0.2964689740143369 0.12040770609318996 0.3174703181003584 0.12390793010752688 0.34267193100358423 0.13335853494623656 0.36297323028673834 0.15786010304659498 0.37802419354838707 0.1823616711469534 0.40497591845878134 0.19916274641577061 0.43087757616487454 0.22121415770609318 0.4490787410394265 0.20651321684587814 0.46762992831541217 0.2033630152329749
