0 0.001600922131147541 0.025614754098360656 0.02187926912568306 0.04749402322404372 0.01761014344262295 0.06510416666666666 0.028816598360655737 0.07524334016393443 0.013341017759562842 0.07737790300546447 0.015475580601092895 0.09605532786885246 0.028816598360655737 0.09658896857923496 0.04215761612021858 0.11580003415300547 0.02828295765027322 0.1414147882513661 0.04269125683060109 0.14835211748633878 0.05122950819672131 0.1680968237704918 0.03948941256830601 0.19477885928961747 0.06296960382513661 0.23640283469945353 0.08484887295081966 0.2497438524590164 0.08271431010928962 0.23373463114754098 0.10192537568306011 0.2305327868852459 0.11099726775956284 0.25187841530054644 0.13874658469945356 0.25081113387978143 0.13714566256830601 0.22359545765027322 0.1296746926229508 0.20491803278688525 0.14194842896174864 0.20224982923497267 0.14568391393442623 0.17770235655737704 0.15849129098360656 0.2033171106557377 0.1750341530054645 0.19851434426229508 0.1846396857923497 0.2187926912568306 0.17876963797814208 0.2230618169398907 0.18090420081967212 0.23373463114754098 0.2075862363387978 0.23640283469945353 0.20224982923497267 0.2737576844262295 0.175567793715847 0.2726904030054645 0.1648949795081967 0.2828295765027322 0.1520876024590164 0.2769595286885246 0.1606258538251366 0.29190146857923494 0.15795765027322403 0.29990607923497264 0.16009221311475408 0.333525443989071 0.16222677595628415 0.34206369535519127 0.18624060792349725 0.33032359972677594 0.19798070355191255 0.3634093237704918 0.22946550546448086 0.37301485655737704 0.23426827185792348 0.3868895150273224 0.21665812841530055 0.390625 0.2107880806010929 0.38902407786885246 0.21238900273224043 0.4028987363387978 0.19211065573770492 0.4226434426229508 0.18677424863387979 0.3879567964480874 0.20118254781420764 0.3788849043715847 0.18944245218579234 0.37088029371584696 0.18143784153005463 0.3756830601092896 0.1750341530054645 0.3874231557377049 0.18197148224043716 0.390625 0.18250512295081966 0.4018314549180328 0.16276041666666666 0.40823514344262296 0.1643613387978142 0.3644766051912568 0.15742400956284153 0.36554388661202186 0.1526212431693989 0.3826203893442623 0.15955857240437157 0.39009135928961747 0.1520876024590164 0.3954277663934426 0.15368852459016394 0.4231770833333333 0.1440829918032787 0.4215761612021858 0.13447745901639344 0.36501024590163933 0.12700648907103826 0.3682120901639344 0.11900187841530054 0.37781762295081966 0.10512721994535519 0.3703466530054645 0.10085809426229508 0.3404627732240437 0.1296746926229508 0.3479337431693989 0.13714566256830601 0.3388618510928962 0.11740095628415301 0.332458162568306 0.11099726775956284 0.3132470969945355 0.09552168715846994 0.30257428278688525 0.09125256147540983 0.27909409153005466 0.08057974726775956 0.2854977800546448 0.08858435792349727 0.30684340846994534 0.06777237021857924 0.312713456284153 0.07150785519125682 0.2774931693989071 0.06563780737704918 0.2662867144808743 0.037888490437158466 0.2812286543715847 0.03948941256830601 0.2961705942622951 0.03095116120218579 0.3015070013661202 0.03041752049180328 0.3143143784153005 0.018677424863387977 0.31804986338797814 0.025614754098360656 0.3319245218579235 0.017076502732240435 0.3431309767759563 0.019744706284153004 0.3644766051912568 0.011206454918032786 0.36287568306010926 0.0 0.35380379098360654
0 0.04213594543147208 0.44416243654822335 0.04758883248730965 0.4139236992385787 0.06989609771573604 0.4050007931472081 0.09022049492385786 0.3965736040609137 0.1070748730964467 0.4104536802030457 0.10757059010152284 0.39260786802030456 0.12442496827411167 0.3772406408629442 0.13334787436548223 0.40648794416243655 0.13929647842639595 0.4273080583756345 0.13086928934010153 0.43573524746192893 0.14326221446700507 0.43970098350253806 0.1576380076142132 0.4461453045685279 0.18391100888324874 0.4377181154822335 0.1997739530456853 0.44317100253807107 0.20175682106598986 0.42532519035532995 0.22059406725888325 0.42532519035532995 0.23249127538071065 0.44267528553299496 0.2295169733502538 0.4511024746192894 0.24884993654822335 0.4540767766497462 0.2731400697969543 0.44763245558375636 0.26520859771573607 0.4649825507614213 0.2696700507614213 0.477871192893401 0.26173857868020306 0.4748968908629442 0.2587642766497462 0.4843155139593909 0.2731400697969543 0.4892726840101523 0.2681828997461929 0.5100927982233503 0.2622342956852792 0.5314086294416244 0.2518242385786802 0.5304171954314721 0.24637135152284265 0.5433058375634517 0.2503370875634518 0.5556987626903553 0.22059406725888325 0.5666045368020305 0.2082011421319797 0.5646216687817259 0.17845812182741116 0.603287595177665 0.14574079949238578 0.6027918781725888 0.13136500634517767 0.5819717639593909 0.07782756979695432 0.5636302347715736 0.07039181472081218 0.5507415926395939 0.07931472081218274 0.5408272525380711 0.07088753172588833 0.5304171954314721 0.08179330583756346 0.5140585342639594 0.07485326776649746 0.5026570431472082 0.08328045685279188 0.4962127220812183 0.07485326776649746 0.474401173857868 0.06246034263959391 0.46993972081218277 0.05502458756345178 0.4416838515228426
0 0.33623417721518983 0.8857051028481012 0.34612341772151894 0.9166089794303797 0.3071845332278481 0.9314428401898733 0.3090387658227848 0.9166089794303797 0.3127472310126582 0.8813785601265822 0.3232545490506329 0.8591277689873418 0.341796875 0.8634543117088607 0.3615753560126582 0.8857051028481012
0 0.3751730617088607 0.995104825949367 0.386298457278481 0.9796528876582278 0.4240011867088607 0.9845975079113923 0.43450850474683544 0.9913963607594937 0.44810621044303794 0.9827432753164557 0.4332723496835443 0.9808890427215189 0.4474881329113924 0.9660551819620252 0.4654123813291139 0.9728540348101266 0.45243275316455694 0.999431368670886
0 0.8764339398734177 0.999431368670886 0.8801424050632911 0.9827432753164557 0.9135185917721519 0.9889240506329113 0.9326789952531646 0.972235957278481 0.9030112737341772 0.9784167325949367 0.8887954905063291 0.9672913370253164 0.9215535996835442 0.9629647943037974 0.9203174446202531 0.9468947784810127 0.9098101265822784 0.9332970727848101 0.9419501582278481 0.9271162974683543 0.9135185917721519 0.9172270569620252 0.8955943433544303 0.9308247626582278 0.87890625 0.9023931962025316 0.8955943433544303 0.8999208860759493 0.8517108386075949 0.8597458465189873 0.8510927610759493 0.8282238924050632 0.8634543117088607 0.821425039556962 0.8640723892405063 0.8028827136075949 0.8473842958860759 0.8028827136075949 0.8517108386075949 0.8263696598101266 0.8177165743670886 0.8164804193037974 0.8245154272151899 0.7979380933544303 0.7929934731012658 0.7973200158227848 0.7954657832278481 0.8269877373417721 0.7435472705696202 0.8053550237341772 0.7478738132911392 0.7880488528481012 0.6965733781645569 0.7800138449367088 0.68359375 0.7732149920886076 0.6681418117088608 0.7750692246835442 0.6526898734177214 0.8177165743670886 0.6236402294303797 0.7892850079113923 0.6180775316455696 0.7589992088607594 0.6520717958860759 0.7441653481012658 0.6279667721518987 0.728095332278481 0.6458910205696202 0.7076987737341772 0.6397102452531646 0.6891564477848101 0.6186956091772151 0.6885383702531646 0.6001532832278481 0.7008999208860759 0.5989171281645569 0.6743225870253164 0.6106606012658228 0.6675237341772151 0.6044798259493671 0.6502175632911392 0.6106606012658228 0.6446548655063291 0.6026255933544303 0.6236402294303797 0.6329113924050632 0.6094244462025317 0.6539260284810127 0.6100425237341772 0.6477452531645569 0.5958267405063291 0.608806368670886 0.5877917325949367 0.5921182753164557 0.5976809731012658 0.5724194510739856 0.582674522673031 0.5943280131264916 0.5798776849642004 0.6367467183770883 0.5770808472553699 0.6651812350835321 0.5836068019093078 0.6889543556085919 0.5887343377088305 0.7131936157517899 0.5966587112171837 0.7169227326968973 0.6162365751789975 0.7234486873508352 0.5938618735083532 0.7145920346062051 0.582674522673031 0.6875559367541766 0.5864036396181384 0.6833606801909308 0.5724194510739856 0.6721733293556086 0.5682241945107398 0.6735717482100239 0.5523754474940333 0.6838268198090691 0.551909307875895 0.7048031026252982 0.5295346062052505 0.7145920346062051 0.5612321002386634 0.7295085023866348 0.560765960620525 0.7411619928400954 0.5812761038186157 0.7290423627684963 0.5938618735083532 0.740695853221957 0.6129735978520285 0.771461068019093 0.5985232696897375 0.762604415274463 0.5602998210023866 0.7397635739856802 0.5547061455847255 0.7458233890214796 0.5337298627684963 0.7495525059665871 0.5006339498806682 0.7635366945107398 0.5052953460620525 0.7677319510739856 0.4908450178997613 0.7845129773269689 0.508092183770883 0.8110829355608591 0.5043630668257756 0.8250671241050118 0.5206779534606205 0.8297285202863961 0.516948836515513 0.8232025656324582 0.5006339498806682 0.8558323389021479 0.4796576670644391 0.8786731801909307 0.46520733890214794 0.8618921539379474 0.4572829653937947 0.8935896479713603 0.43350984486873506 0.9080399761336515 0.4330437052505966 0.9215580250596658 0.44423105608591884 0.9318130966587111 0.4157965393794749 0.9145659307875894 0.42931458830548924 0.8847329952267302 0.42931458830548924 0.8744779236276848 0.40041393198090686 0.8903266706443913 0.3966848150357995 0.8674858293556085 0.3831667661097852 0.873545644391408 0.35426610978520284 0.9103706742243436 0.300660053699284 0.936008353221957 0.297397076372315 0.9565184964200476 0.29972777446300713 0.9625783114558472 0.27921763126491644 0.9872837112171837 0.2619704653937947 0.9924112470167064 0.28947270286396176 0.9849530131264915 0.3258315930787589 0.988682130071599 0.3868958830548926 0.9914789677804295 0.4838529236276849 0.9798254773269689 0.4824545047732696 0.9751640811455846 0.545383353221957 0.9900805489260143 0.560765960620525 0.9900805489260143 0.8497725238663484 0.9900805489260143 0.8777409009546538 0.9784270584725536 0.8465095465393794 0.9663074284009545 0.8651551312649164 0.9457972852028639 0.8618921539379474 0.9402036097852028 0.8740117840095465 0.9509248210023865 0.8875298329355608 0.9649090095465392 0.8721472255369928 0.9751640811455846 0.8810038782816229 0.9677058472553698 0.8987171837708829 0.9882159904534605 0.9029124403341288 0.9938096658711216 0.9350760739856802 0.9877498508353221 0.9560523568019093 0.982156175417661 0.9658412887828162 0.9844868735083532 0.9812238961813842 0.988682130071599 0.9980049224343674
2 0.9917873051224944 0.0013049832962138085 0.9909173162583519 0.011744849665924276 0.9856973830734966 0.02479468262806236 0.9839574053452116 0.037844515590200446 0.9887423440979956 0.05306932071269487 0.9913523106904231 0.06089922048997772 0.9922222995545656 0.16877783964365256 0.9900473273942093 0.18748260022271715 0.9822174276169264 0.19357252227171493 0.9809124443207127 0.20140242204899778 0.9843923997772828 0.2109722995545657 0.9883073496659243 0.21445225501113585 0.9904823218262806 0.2592566815144766 0.9930922884187082 0.2884013084632517 0.9883073496659243 0.32363585746102447 0.9904823218262806 0.3362506959910913 0.9926572939866369 0.4837138084632516 0.9891773385300667 0.4884987472160356 0.9922222995545656 0.4958936525612472 0.9891773385300667 0.5106834632516704 0.987872355233853 0.5302582126948775 0.9909173162583519 0.5607078229398663 0.9909173162583519 0.8769487750556793 0.983087416481069 0.8873886414253898 0.9874373608017817 0.9000034799554565 0.9874373608017817 0.9065283964365256 0.994397271714922 0.9361080178173719 0.9904823218262806 0.955682767260579 0.983087416481069 0.9669926224944321 0.9843923997772828 0.9826524220489977 0.989612332962138 0.9987472160356347 0.999182210467706 0.9987472160356347 0.9996172048997772 0.00043499443207126946
1 0.0013108221476510068 0.962143456375839 0.029493498322147652 0.9732854446308725 0.04981124161073826 0.9811503775167786 0.0583315855704698 0.9811503775167786 0.06488569630872483 0.975251677852349 0.04653418624161074 0.9641096895973155 0.02162856543624161 0.9595218120805369 0.0006554110738255034 0.9536231124161074
1 0.07078439597315436 0.9949140100671141 0.08323720637583892 0.9850828439597316 0.12059563758389262 0.964765100671141 0.14287961409395974 0.9411703020134228 0.1533661912751678 0.9077443372483222 0.16450817953020133 0.8834941275167786 0.1756501677852349 0.8566222734899329 0.18613674496644295 0.8369599412751678 0.2182518875838926 0.8363045302013423 0.20579907718120805 0.8179530201342282 0.2143194211409396 0.7963244546979866 0.2352925755033557 0.7858378775167786 0.24315750838926176 0.7956690436241611 0.23791421979865773 0.8159867869127517 0.22677223154362416 0.8284395973154363 0.22152894295302014 0.8454802852348994 0.23988045302013422 0.8205746644295302 0.2595427852348993 0.8192638422818792 0.2733064177852349 0.8356491191275168 0.2870700503355705 0.8415478187919463 0.2936241610738255 0.8690750838926175 0.30476614932885904 0.8723521392617449 0.31439448614318705 0.8809360565819861 0.31619875866050806 0.8714636258660508 0.3022156466512702 0.8597358545034642 0.2954496247113164 0.8358292436489607 0.27334728637413397 0.8155311778290993 0.25259815242494227 0.784858545034642 0.2363596997690531 0.7627562066974596 0.2268872690531178 0.7438113452655889 0.23681076789838337 0.7117855080831409 0.250342811778291 0.7050194861431871 0.24673426674364896 0.6788575346420324 0.26567912817551964 0.6680318995381063 0.2954496247113164 0.6382614030023095 0.3247690531177829 0.6152569284064665 0.35769702655889146 0.6197676096997691 0.3820547055427252 0.614354792147806 0.4055102482678984 0.5999206120092379 0.4163358833718245 0.5967631351039261 0.4366339491916859 0.608941974595843 0.46460017321016167 0.6139037240184757 0.4830939665127021 0.6120994515011547 0.523690098152425 0.6378103348729792 0.5047452367205543 0.6134526558891454 0.4808386258660508 0.6012738163972287 0.45873628752886836 0.6084909064665127 0.4433999711316397 0.6026270207852193 0.43437860854503463 0.5899971131639723 0.41543374711316394 0.5827800230946882 0.4262593822170901 0.566541570438799 0.4424978348729792 0.5516563221709007 0.44791065242494227 0.5349668013856813 0.4262593822170901 0.555715935334873 0.4163358833718245 0.5561670034642032 0.40009743071593534 0.5769161374133949 0.3788972286374134 0.5954099307159353 0.3509310046189376 0.605333429561201 0.31755196304849886 0.6012738163972287 0.2963517609699769 0.6166101327944573 0.2728962182448037 0.6292400404157044 0.25936417436489606 0.6495381062355658 0.24357678983833717 0.6621680138568129 0.21741483833718245 0.6504402424942263 0.1944103637413395 0.637359266743649 0.17140588914549654 0.6323975173210161 0.14749927829099307 0.6251804272517321 0.1294565531177829 0.6093930427251733 0.10960955542725173 0.5972142032332564 0.11006062355658199 0.6170612009237875 0.12178839491916858 0.6247293591224018 0.14073325635103925 0.6332996535796767 0.16058025404157045 0.6418699480369515 0.19260609122401848 0.6522445150115473 0.2070402713625866 0.6599126732101617 0.22643620092378752 0.667580831408776 0.2354575635103926 0.6775043302540416 0.23094688221709006 0.7023130773672055 0.2228276558891455 0.722611143187067 0.21335522517321015 0.7438113452655889 0.22192551963048499 0.7699732967667436 0.2088445438799076 0.7798967956120092 0.2110998845265589 0.7875649538106235 0.19711677251732102 0.8083140877598153 0.18854647806004618 0.8209439953810623 0.1754655023094688 0.8304164260969977 0.1677973441108545 0.8529698325635103 0.15697170900692842 0.8714636258660508 0.15967811778290994 0.8768764434180139 0.15697170900692842 0.8804849884526559 0.14840141454965358 0.8759743071593533 0.13712471131639722 0.9048426674364896 0.138477915704388 0.9206300519630485 0.12629907621247113 0.9377706408775981 0.11006062355658199 0.9549112297921478 0.08299653579676675 0.9738560912240185 0.06495381062355658 0.9810731812933026 0.06134526558891455 0.9973116339491916
1 0.529891304347826 0.500594429347826 0.5553668478260869 0.5129076086956521 0.5621603260869564 0.5197010869565217 0.5642832880434782 0.5434782608695652 0.577445652173913 0.5545176630434782 0.5765964673913043 0.5757472826086956 0.5625849184782608 0.6024966032608695 0.5519701086956521 0.6317934782608695 0.5354110054347826 0.6649116847826086 0.5307404891304347 0.7090692934782608 0.5315896739130435 0.7587466032608695 0.5379585597826086 0.7820991847826086 0.5332880434782608 0.8156419836956521 0.5434782608695652 0.8479110054347825 0.5562160326086956 0.8967391304347825 0.5617357336956521 0.9183933423913042 0.5447520380434782 0.9417459239130433 0.5320142663043478 0.9493885869565216 0.528617527173913 0.9617017663043477 0.5413552989130435 0.9566066576086956 0.5583389945652173 0.9391983695652173 0.5698029891304347 0.9332540760869564 0.5804177989130435 0.9345278532608695 0.5740489130434782 0.9111752717391304 0.5630095108695652 0.8755095108695651 0.5477241847826086 0.8058763586956521 0.5523947010869564 0.7931385869565216 0.5439028532608695 0.7366677989130433 0.5388077445652173 0.6933593749999999 0.5434782608695652 0.6742527173913043 0.559188179347826 0.6509001358695652 0.5727751358695652 0.6139605978260869 0.5778702445652173 0.608016304347826 0.5761718749999999 0.5876358695652173 0.5855129076086956 0.5765964673913043 0.6101392663043478 0.5715013586956521 0.589758831521739 0.568953804347826 0.5825407608695652 0.5489979619565217 0.5719259510869564 0.5209748641304347 0.560461956521739 0.5035665760869564 0.548148777173913 0.4929517663043478 0.538383152173913 0.47894021739130427 0.529891304347826 0.4814877717391304 0.5349864130434782 0.49549932065217384
1 0.6020523927392739 0.9778516914191419 0.585292904290429 0.9701165429042904 0.5801361386138614 0.9552908415841583 0.5749793729372937 0.944977310231023 0.5885158828382838 0.9430435231023101 0.6065645627062706 0.9668935643564356 0.6291254125412541 0.9668935643564356 0.6400835396039604 0.974628712871287 0.6600660066006601 0.9649597772277227 0.6800484735973596 0.9823638613861385 0.7109890676567656 0.9855868399339933 0.7677134900990098 0.9817192656765675 0.8199257425742573 0.9965449669966996 0.6813376650165016 0.9971895627062706 0.6555538366336633 0.9868760313531353 0.6284808168316831 0.9830084570957095 0.6168780940594059 0.9862314356435643 0.6226794554455445 0.9952557755775576 0.6065645627062706 0.9952557755775576
1 0.0 0.4144750412541254 0.02191625412541254 0.42221018976897684 0.03351897689768977 0.40931827557755773 0.047055486798679866 0.3861128300330033 0.06123659240924092 0.37773308580858084 0.07864067656765676 0.35194925742574257 0.09346637788778878 0.33067759900990096 0.10764748349834982 0.3377681518151815 0.09797854785478546 0.3564614273927392 0.07864067656765676 0.3848236386138614 0.06961633663366336 0.4002939356435643 0.05736901815181518 0.3977155528052805 0.035452764026402635 0.42994533828382836 0.008379744224422442 0.4338129125412541 0.009668935643564356 0.4512169966996699 0.005156765676567657 0.48086839933993397 0.01095812706270627 0.5221225247524752 0.024494636963696366 0.5433941831683168 0.03738655115511551 0.5743347772277227 0.07155012376237622 0.5827145214521452 0.09024339933993399 0.5917388613861385 0.11151505775577557 0.5943172442244224 0.11087046204620461 0.616233498349835 0.09346637788778878 0.6065645627062706 0.05479063531353135 0.5943172442244224 0.03480816831683168 0.5910942656765676 0.024494636963696366 0.6078537541254125 0.039964933993399336 0.6329929867986798 0.04060952970297029 0.6561984323432343 0.030940594059405937 0.675536303630363 0.016114892739273926 0.6961633663366336 0.0 0.7122782590759076 0.0 0.6955187706270627 0.01289191419141914 0.6858498349834983 0.02642842409240924 0.6619997937293729 0.031585189768976896 0.6368605610561056 0.023205445544554455 0.6226794554455445 0.0180486798679868 0.6220348597359735 0.0180486798679868 0.6078537541254125 0.014181105610561054 0.5975402227722771 0.014181105610561054 0.5775577557755776 0.007735148514851484 0.5627320544554455 0.0 0.5627320544554455
