0 0.001063407441016334 0.192122277676951 0.028172566881918826 0.16288053505535055 0.026010435885608862 0.1535113007380074 0.053397428505535055 0.1441420664206642 0.08799152444649447 0.1477456180811808 0.0923157864391144 0.16215982472324725 0.1096128344095941 0.22414091328413285 0.08078442112546126 0.19963676199261993 0.075739448800738 0.22414091328413285 0.1060092827490775 0.24792435424354245 0.10168502075645758 0.2702663745387454 0.11393709640221403 0.2882841328413284 0.10384715175276754 0.3243196494464945 0.08799152444649447 0.3351303044280443 0.08655010378228783 0.37116582103321033 0.10096431042435425 0.3913457103321033 0.12114419972324725 0.3870214483394834 0.14564835101476015 0.36395871771217714 0.13483769603321033 0.34666166974169743 0.14564835101476015 0.2976533671586716 0.17375605396678967 0.28179773985239853 0.1888909709409594 0.29332910516605165 0.1571797163284133 0.3012569188191882 0.14492764068265682 0.330085332103321 0.15213474400369004 0.3567516143911439 0.16654895064575645 0.350265221402214 0.16150397832103322 0.3315267527675277 0.1751974746309963 0.34449953874538747 0.17952173662361623 0.3531480627306273 0.1917738122693727 0.32359893911439114 0.2133951222324723 0.3286439114391144 0.20690872924354245 0.34017527675276754 0.1982602052583026 0.3358510147601476 0.18961168127306274 0.3423374077490775 0.19490217962184875 0.35410648634453784 0.18341320903361347 0.3553374474789916 0.18054096638655462 0.36764705882352944 0.18956801470588236 0.38405987394957986 0.19777442226890757 0.370108981092437 0.21582851890756302 0.36764705882352944 0.2129562762605042 0.3742121848739496 0.2264968487394958 0.37216058298319327 0.23265165441176472 0.36313353466386555 0.2162388392857143 0.34590007878151263 0.22280396533613447 0.34056591386554624 0.23347229516806725 0.34754136029411764 0.23962710084033614 0.3381039915966387 0.2482438287815126 0.3454897584033614 0.26014311974789917 0.310202205882353 0.2543986344537815 0.2823004201680672 0.23429293592436976 0.28353138130252103 0.2482438287815126 0.2642463235294118 0.24290966386554622 0.24660254726890757 0.2379858193277311 0.2338826155462185 0.23224133403361347 0.23962710084033614 0.22813813025210086 0.2338826155462185 0.24126838235294118 0.2256762079831933 0.2539883140756303 0.23962710084033614 0.3011751575630252 0.2306000525210084 0.2773765756302521 0.22280396533613447 0.26096376050420167 0.20844275210084034 0.2691701680672269 0.1944918592436975 0.27901785714285715 0.20187762605042017 0.2827107405462185 0.18956801470588236 0.2888655462184874 0.1850544905462185 0.2560399159663866 0.1715139180672269 0.21993172268907565 0.1633075105042017 0.20598082983193278 0.1715139180672269 0.1756171218487395 0.15345982142857142 0.18751641281512607 0.13089220063025211 0.15961462710084034 0.1091452205882353 0.14279149159663868 0.137047006302521 0.1280199579831933 0.14935661764705882 0.12309611344537816 0.13499540441176472 0.11858258928571429 0.11817226890756304 0.09929753151260505 0.11242778361344538 0.09601496848739496 0.08657759978991597 0.10011817226890757 0.07303702731092437 0.09601496848739496 0.060727415966386554 0.0997078518907563 0.04759716386554622 0.08247439600840337 0.04062171743697479 0.05249319007263922 0.03830584140435835 0.029320520581113802 0.056040027239709446 0.04395417422867514 0.06734913793103449 0.049980149727767695 0.09180750907441017 0.034737976406533574 0.0928709165154265 0.044663112522686024 0.13044464609800363 0.02658518602540835 0.14001531306715065 0.009570666969147006 0.14887704174228675 0.008507259528130673 0.14320553539019965 0.012760889292196008 0.13469827586206898 0.0 0.13150805353901998
0 0.0007971938775510203 0.12409651360544217 0.006111819727891156 0.11692176870748298 0.0005314625850340135 0.10522959183673469 0.004251700680272108 0.09167729591836735 0.023650085034013602 0.08928571428571427 0.0196641156462585 0.07493622448979591 0.00664328231292517 0.07785926870748298 0.00664328231292517 0.06138392857142857 0.018601190476190476 0.05978954081632653 0.027901785714285712 0.04995748299319727 0.018601190476190476 0.03640518707482993 0.0007971938775510203 0.04092261904761905
0 0.1728429203539823 0.37910213864306785 0.1587274151917404 0.4012836467551622 0.1515256268436578 0.41712758112094395 0.14979719764011798 0.44046137536873153 0.15987970132743362 0.4519842367256637 0.1811969948377581 0.45688145280235987 0.1809089233038348 0.46321902654867253 0.16448884587020648 0.468404314159292 0.14835683997050148 0.45688145280235987 0.1342413348082596 0.4511200221238938 0.13683397861356933 0.44074944690265483 0.11897354351032448 0.43325958702064893 0.13107254793510323 0.4110780789085546 0.14691648230088494 0.4061808628318584 0.1662172750737463 0.3762214233038348
0 0.0029248128119800333 0.5079424916805325 0.014949043261231282 0.5232165141430949 0.04062240016638935 0.5219165973377704 0.050046797004991685 0.5336158485856906 0.061096089850249585 0.5352407445923462 0.052321651414309486 0.5248414101497504 0.058821235440931784 0.5131421589018303 0.07572015391014976 0.5189917845257904 0.07474521630615641 0.5271162645590682 0.09489392678868552 0.5375155990016639 0.0942439683860233 0.5267912853577371 0.10431832362728785 0.5352407445923462 0.11081790765391016 0.5618890391014976 0.10301840682196339 0.5713134359400999 0.09164413477537438 0.5664387479201332 0.09521890599001664 0.5739132695507487 0.0812448003327787 0.5794379159733777 0.05622140183028286 0.5631889559068219 0.04679700499168053 0.5599391638935108 0.048421900998336105 0.5651388311148087 0.05557144342762063 0.5709884567387687 0.03834754575707155 0.5797628951747088 0.02957310732113145 0.5706634775374376 0.038022566555740434 0.5579892886855241 0.023073523294509152 0.5599391638935108 0.016573939267886854 0.5800878743760399 0.0029248128119800333 0.5625389975041597 0.00032497920133111485 0.5108673044925125
0 0.41045879948364883 0.6370347461273665 0.4000376506024096 0.6286305938037865 0.3771783562822719 0.6299752581755593 0.3926419965576592 0.6172009466437177 0.400709982788296 0.6050989672977625 0.4225607788296041 0.6131669535283992 0.4185267857142857 0.6269497633390705 0.43331809380378655 0.6286305938037865 0.4528157271944922 0.6124946213425129 0.4803813468158347 0.6198902753872633 0.45684972030981064 0.6403964070567986 0.4309649311531841 0.6531707185886402
0 0.38222084767641995 0.657877043889845 0.36978270223752147 0.6669535283993114 0.3754975258175559 0.6719960197934595 0.38154851549053354 0.6699790232358003 0.39499515920826156 0.6736768502581755 0.39667598967297757 0.6666173623063683
0 0.48004518072289154 0.6336730851979345 0.5035768072289156 0.6124946213425129 0.5187042814113597 0.6323284208261617 0.4981981497418244 0.6491367254733218 0.4766835197934595 0.6474558950086058
0 0.2751299033957845 0.42561658372365335 0.29113912470725994 0.4153249414519906 0.29251134367681497 0.42561658372365335 0.28336321721311475 0.430876756440281 0.28770857728337235 0.4519174473067915 0.27215676229508196 0.44917300936768145 0.26483826112412173 0.43224897540983603
0 0.46216643258426965 0.10489817415730336 0.46875 0.14308286516853932 0.45821629213483145 0.1663448033707865 0.4340765449438202 0.16502808988764045 0.42090941011235955 0.18653441011235955 0.45821629213483145 0.20101825842696627 0.4323209269662921 0.22910814606741572 0.4432935393258427 0.2563202247191011 0.40379213483146065 0.2655372191011236 0.3735077247191011 0.25280898876404495 0.3533181179775281 0.26070926966292135 0.3577071629213483 0.27870435393258425 0.33356741573033705 0.2734375 0.3362008426966292 0.29582162921348315 0.3366397471910112 0.3265449438202247 0.3594627808988764 0.34322331460674155 0.371752106741573 0.3678019662921348 0.3774578651685393 0.38448033707865165 0.36209620786516855 0.3814080056179775 0.36867977528089885 0.4011587078651685 0.3967696629213483 0.3831636235955056 0.3796523876404494 0.3515625 0.4007198033707865 0.3541959269662921 0.42134831460674155 0.36648525280898875 0.41915379213483145 0.38053019662921345 0.4362710674157303 0.3853581460674157 0.45997191011235955 0.38579705056179775 0.4849894662921348 0.38228581460674155 0.5104459269662921 0.3928195224719101 0.49947331460674155 0.3985252808988764 0.5078125 0.4165203651685393 0.527563202247191 0.410814606741573 0.5258075842696629 0.39150280898876405 0.5538974719101123 0.3893082865168539 0.5705758426966292 0.3735077247191011 0.5639922752808989 0.3581460674157303 0.5367801966292135 0.37394662921348315 0.5385358146067416 0.35463483146067415 0.5227352528089887 0.35244030898876405 0.5209796348314607 0.3695575842696629 0.5135182584269663 0.36472963483146065 0.5192240168539326 0.33883426966292135 0.5122015449438202 0.32786165730337075 0.5047401685393258 0.3533181179775281 0.4985955056179775 0.34454002808988765 0.5051790730337078 0.33093398876404495 0.4924508426966292 0.3304950842696629 0.49201193820224715 0.31732794943820225 0.47226123595505615 0.31601123595505615 0.4924508426966292 0.30591643258426965 0.507373595505618 0.3032830056179775 0.49332865168539325 0.293188202247191 0.5038623595505618 0.28221558988764045 0.49771769662921345 0.25544241573033705 0.5104459269662921 0.25105337078651685 0.5192240168539326 0.2637816011235955 0.5310744382022472 0.24139747191011235 0.546436095505618 0.24710323033707865 0.5459971910112359 0.22515800561797752 0.5442415730337078 0.16678370786516852 0.5319522471910112 0.18609550561797752 0.5372191011235955 0.1992626404494382 0.527124297752809 0.2093574438202247 0.527124297752809 0.18082865168539325 0.5192240168539326 0.16941713483146068 0.5003511235955056 0.17863412921348315 0.49113412921348315 0.16853932584269662 0.5060568820224719 0.1584445224719101 0.5244908707865168 0.16853932584269662 0.5249297752808989 0.1408883426966292 0.5359023876404494 0.12947682584269662 0.546436095505618 0.1075316011235955 0.5227352528089887 0.11587078651685392 0.5003511235955056 0.11104283707865169 0.49771769662921345 0.09480337078651685
0 0.565183770014556 0.1265124636098981 0.5552333515283843 0.13276701237263464 0.56632096069869 0.14385462154294032 0.5631936863173217 0.1563637190684134 0.5469887190684134 0.1560794213973799 0.55324326783115 0.16546124454148473 0.552106077147016 0.1819505094614265 0.5648994723435226 0.18820505822416303 0.5620564956331877 0.2004298580786026 0.5495473981077147 0.19986126273653565 0.5512531841339156 0.21180176491994177 0.578830058224163 0.2086744905385735 0.5822416302765647 0.18109761644832606 0.578261462882096 0.1509620633187773 0.5776928675400291 0.12708105895196506
0 0.5339110262008734 0.06083970160116448 0.5216862263464338 0.06083970160116448 0.525382096069869 0.07931905021834061 0.5299308588064047 0.07477028748180495 0.5359011098981077 0.08500500363901019 0.5262349890829694 0.08784798034934498 0.5236763100436681 0.10291575691411936 0.5057655567685589 0.10320005458515284 0.5017853893740902 0.09637691048034934 0.5142944868995634 0.09324963609898107 0.5131572962154294 0.06823144104803493 0.49382505458515286 0.06510416666666667 0.4875705058224163 0.07079012008733625 0.4818845524017467 0.05543804585152838 0.47733578966521106 0.05231077147016012 0.4858647197962154 0.04093886462882096 0.5231077147016011 0.030135553129548763 0.5293622634643377 0.03781159024745269 0.5509688864628821 0.030135553129548763 0.5552333515283843 0.03326282751091703 0.5606350072780204 0.027576874090247453 0.551537481804949 0.02302811135371179 0.565183770014556 0.02046943231441048 0.5762713791848617 0.03070414847161572 0.5694482350800583 0.03894878093158661 0.5751341885007278 0.057143831877729256 0.5916234534206696 0.057143831877729256 0.5938978347889374 0.07420169213973798 0.5731441048034934 0.07562318049490538 0.5580763282387191 0.08386781295487628 0.538459788937409 0.07846615720524017
0 0.6024267649199417 0.07590747816593886 0.6180631368267832 0.07988764556040757 0.6152201601164483 0.0699372270742358 0.6069755276564774 0.06794714337700146 0.6237490902474527 0.05742812954876274 0.6280135553129549 0.050036390101892286 0.6516102620087336 0.06965292940320232 0.6416598435225619 0.07590747816593886 0.6223276018922853 0.07391739446870452 0.6254548762736536 0.07789756186317322 0.6325623180494905 0.08386781295487628 0.625739173944687 0.09211244541484716 0.6177788391557496 0.09666120815138282 0.6058383369723435 0.0847207059679767 0.6015738719068413 0.09495542212518195 0.5902019650655022 0.09381823144104803 0.5961722161572053 0.08273062227074236
0 0.6190343880753137 0.5981956066945606 0.6402817730125523 0.6357871338912133 0.6292494769874477 0.6562173117154811 0.6137225418410042 0.6639807792887029 0.5896149320083681 0.6492710512552301 0.5847116893305438 0.6627549686192469 0.5614212866108786 0.6643893828451882 0.5920665533472803 0.6713356433054393 0.6243462343096234 0.6750130753138075 0.6464108263598326 0.6615291579497907 0.673378661087866 0.6476366370292886 0.6844109571129707 0.6554001046025104 0.6819593357740585 0.6251634414225941 0.6893141997907949 0.6124967311715481 0.6705184361924685 0.5838944822175732 0.6582603294979079 0.5920665533472803 0.6460022228033473 0.5859375 0.6398731694560669 0.5994214173640167 0.6276150627615062 0.5969697960251046 0.6402817730125523 0.5892063284518828 0.6345613232217573 0.5716363755230125 0.616991370292887 0.5507975941422594 0.6137225418410042 0.5712277719665272 0.6051418671548117 0.5781740324267782
0 0.9996049859550562 0.5965443586142323 0.9959474485018727 0.6049566947565543 0.9750994850187266 0.5936183286516854 0.9769282537453183 0.5822799625468165 0.9674186563670413 0.5844744850187266 0.9674186563670413 0.5939840823970037 0.9802200374531835 0.6111745084269663 0.9582748127340824 0.6060539559925093 0.9494967228464419 0.5976416198501873 0.9418158941947565 0.6027621722846442 0.9396213717228464 0.6155635533707865 0.931940543071161 0.6005676498127341 0.9257227294007491 0.5998361423220974 0.9238939606741573 0.5811827013108615 0.9348665730337079 0.5826457162921348 0.930843281835206 0.572404611423221 0.9246254681647941 0.566186797752809 0.930843281835206 0.5603347378277154 0.922430945692884 0.5511908941947565 0.9348665730337079 0.5449730805243446 0.9202364232209738 0.5468018492509363 0.9242597144194756 0.5340004681647941 0.9399871254681648 0.5226621020599251 0.9502282303370787 0.5197360720973783 0.9462049391385768 0.5321716994382023 0.9615665964419476 0.4934018024344569 0.955714536516854 0.48206343632958804 0.9425474016853933 0.47877165262172283 0.9469364466292135 0.4904757724719101 0.9260884831460674 0.48718398876404495 0.9315747893258427 0.49961961610486894 0.9396213717228464 0.5029113998127341 0.9443761704119851 0.5157127808988764 0.9271857443820225 0.5171757958801498 0.9191391619850188 0.5098607209737828 0.9085323033707865 0.5149812734082397 0.9151158707865169 0.5237593632958801 0.9052405196629214 0.5252223782771536 0.8931706460674158 0.5193703183520599 0.8774432350187266 0.5160785346441947 0.8635445926966292 0.5201018258426966 0.8503774578651686 0.5149812734082397 0.8287979868913858 0.5160785346441947 0.8189226357677902 0.49230454119850187 0.8152650983146068 0.5153470271535581 0.793685627340824 0.5113237359550562 0.7896623361423221 0.49779084737827717 0.8013664559925093 0.49961961610486894 0.8013664559925093 0.48645248127340823 0.7900280898876405 0.49632783239700373 0.7892965823970037 0.48645248127340823 0.7892965823970037 0.47804014513108617 0.7786897237827716 0.4784058988764045 0.7728376638576779 0.46523876404494385 0.7808842462546817 0.4634099953183521 0.775032186329588 0.4531688904494382 0.7805184925093633 0.436344218164794 0.7925883661048689 0.43378394194756553 0.813436329588015 0.44914559925093633 0.8203856507490637 0.43488120318352064 0.8313582631086143 0.42976065074906367 0.8415993679775281 0.4184222846441948 0.8320897705992509 0.4037921348314607 0.8141678370786517 0.40708391853932585 0.8002691947565543 0.41183871722846443 0.8002691947565543 0.3953797986891386 0.801000702247191 0.37124005149812733 0.8222144194756554 0.38038389513108617 0.8419651217228464 0.390625 0.8708596676029963 0.3928195224719101 0.8931706460674158 0.37892088014981273 0.8737856975655431 0.3723373127340824 0.8544007490636705 0.3701427902621723 0.8372103230337079 0.38111540262172283 0.8138020833333334 0.3701427902621723 0.8130705758426966 0.3533181179775281 0.8123390683520599 0.3364934456928839 0.7871020599250936 0.312719452247191 0.7589390215355806 0.30467286985018727 0.7830787687265918 0.2922372425093633 0.7732034176029963 0.27650983146067415 0.7797869850187266 0.27175503277153557 0.7662540964419476 0.25602762172284643 0.7827130149812734 0.24322624063670412 0.7973431647940075 0.22567006086142322 0.8097787921348315 0.21396594101123595 0.8229459269662922 0.21981800093632958 0.8408678604868914 0.24286048689138579 0.8485486891385768 0.23627691947565543 0.8602528089887641 0.24212897940074907 0.8708596676029963 0.23591116573033707 0.8906103698501873 0.2443235018726592 0.9023144897003745 0.2585878979400749 0.9056062734082397 0.28126463014981273 0.9290145131086143 0.2900427200374532 0.9494967228464419 0.32442357209737827 0.9582748127340824 0.32698384831460675 0.9740022237827716 0.35734140917602997 0.9729049625468165 0.38184691011235955 0.9835118211610487 0.3891619850187266 0.981683052434457 0.3957455524344569 0.9985077247191011 0.40488939606741575
0 0.7910879629629629 0.5619212962962963 0.7986111111111112 0.5807291666666666 0.7951388888888888 0.5844907407407407 0.7991898148148148 0.6001157407407407 0.8052662037037037 0.6012731481481481 0.7916666666666666 0.6070601851851852 0.7899305555555556 0.6209490740740741 0.7719907407407407 0.6267361111111112 0.7693865740740741 0.6212384259259259 0.7786458333333334 0.6140046296296297 0.7471064814814815 0.6212384259259259 0.7445023148148148 0.6018518518518519 0.7514467592592593 0.5963541666666666 0.7465277777777778 0.5920138888888888 0.7364004629629629 0.5963541666666666 0.7323495370370371 0.5859375 0.7482638888888888 0.5827546296296297 0.7581018518518519 0.5821759259259259 0.7601273148148148 0.5711805555555556 0.7685185185185185 0.5746527777777778 0.7578125 0.5633680555555556 0.7679398148148148 0.5517939814814815
0 0.8705357142857143 0.002146291208791209 0.8602335164835165 0.023179945054945056 0.8323317307692308 0.02661401098901099 0.8267513736263736 0.017170329670329672 0.8383413461538461 0.032623626373626376 0.8572287087912088 0.03691620879120879 0.8546531593406593 0.04936469780219781 0.8280391483516484 0.04936469780219781 0.8349072802197802 0.05580357142857143 0.8447802197802198 0.05065247252747253 0.8499313186813187 0.061813186813186816 0.8430631868131868 0.07211538461538462 0.8147321428571429 0.07082760989010989 0.8009958791208791 0.054945054945054944 0.7791037087912088 0.05580357142857143 0.7584993131868132 0.04635989010989011 0.7426167582417583 0.042496565934065936 0.7353193681318682 0.02446771978021978 0.7456215659340659 0.026184752747252748 0.7383241758241759 0.01201923076923077 0.7593578296703297 0.00042925824175824175
0 0.8374828296703297 0.15968406593406595 0.8443509615384616 0.18329326923076925 0.8383413461538461 0.20561469780219782 0.857657967032967 0.20990728021978022 0.8713942307692308 0.22321428571428573 0.8756868131868132 0.234375 0.8842719780219781 0.21591689560439561 0.8975789835164836 0.2373798076923077 0.9173248626373627 0.24081387362637363 0.9229052197802198 0.22536057692307693 0.896720467032967 0.22321428571428573 0.9276270604395604 0.21935096153846154 0.9023008241758242 0.20733173076923078 0.8915693681318682 0.19488324175824176 0.9113152472527473 0.1871565934065934 0.912603021978022 0.19702953296703296 0.9293440934065934 0.18973214285714288 0.9379292582417583 0.17685439560439561 0.9289148351648352 0.16783997252747254 0.9091689560439561 0.15152815934065936 0.8950034340659341 0.1502403846153846 0.8945741758241759 0.15968406593406595 0.8675309065934066 0.16097184065934067 0.8469265109890111 0.15453296703296704
0 0.31964444774346795 0.5170446110451307 0.30804631828978624 0.5307304038004751 0.3157010837292162 0.540936757719715 0.33193846496437057 0.5284107779097387 0.3296188390736342 0.5056784441805225 0.32034033551068886 0.507302182304038
1 0.7947597579051383 0.9881422924901185 0.829499135375494 0.9954761610671936 0.8808362154150197 0.9912302371541502 0.886626111660079 0.9773344861660078 0.9232954545454545 0.959192811264822 0.9422091156126481 0.9626667490118576 0.9549468873517786 0.9804224308300394 0.959192811264822 0.9669126729249011 0.9711585968379446 0.9572628458498023 0.9912302371541502 0.9402791501976283 0.9981781126482212 0.9414371294466403 0.9989500988142291 0.9171195652173912 0.9827383893280631 0.9314013092885375 0.9688426383399209 0.951858942687747 0.9379631916996046 0.9468410326086956 0.9117156620553358 0.951086956521739 0.8912580286561264 0.9642107213438734 0.8680984436758893 0.976176506916996 0.829499135375494 0.9742465415019762 0.7932157855731224 0.9576488389328063 0.7804780138339921 0.9298573369565216 0.7858819169960474 0.8924160079051382 0.7816359930830039 0.8819941946640315 0.7696702075098814 0.8800642292490117 0.7503705533596837 0.8638525197628457 0.7569324357707509 0.8279551630434782 0.7669682559288536 0.805181571146245 0.7708281867588932 0.7862679100790513 0.7862679100790513 0.7472826086956521 0.8094274950592885 0.7268249752964426 0.8395349555335968 0.7221930583003952 0.8715723814229248 0.7252810029644268 0.8931879940711461 0.7357028162055336 0.9078557312252964 0.7430366847826086 0.9337172677865612 0.7411067193675889 0.9595788043478259 0.7495985671936758 0.976176506916996 0.763880311264822 0.9977921195652173 0.7816359930830039 0.9985641057312252 0.764266304347826 0.983510375494071 0.7542304841897233 0.9464550395256917 0.7341588438735177 0.9144176136363635 0.7357028162055336 0.8951179594861659 0.7268249752964426 0.8727303606719367 0.7137012104743082 0.8599925889328063 0.6971035079051383 0.8565186511857706 0.6735579298418972 0.8383769762845849 0.6623641304347826 0.8028656126482213 0.6577322134387351 0.8298851284584979 0.674329916007905 0.846096837944664 0.6816637845849801 0.8522727272727272 0.7063673418972332 0.8584486166007904 0.7129292243083003 0.8345170454545454 0.7109992588932805 0.837218997035573 0.6982614871541502 0.8152173913043478 0.6820497776679841 0.7901278409090908 0.6739439229249011 0.8183053359683794 0.6936295701581027 0.8186913290513833 0.7071393280632411 0.8113574604743082 0.7144731966403162 0.7947597579051383 0.7218070652173912 0.7839519515810276 0.7264389822134386 0.7735301383399209 0.756160449604743 0.7661962697628458 0.780864006916996 0.7461246294466403 0.7885838685770751 0.7333868577075098 0.7905138339920947 0.7187191205533596 0.7793200345849801 0.7063673418972332 0.7835659584980237 0.6816637845849801 0.7827939723320158 0.6635221096837944 0.7677402420948616 0.6380465662055336 0.7550024703557312 0.6175889328063241 0.7604063735177865 0.5952013339920948 0.7631083250988141 0.5623919219367588 0.7685122282608695 0.5423202816205533 0.7665822628458497 0.5261085721343873 0.7700562005928853 0.5145287796442687 0.7688982213438734 0.4987030632411067 0.772758152173913 0.4487179487179487 0.7809161324786325 0.41432959401709396 0.7855902777777777 0.3812767094017094 0.7729033119658119 0.3495592948717948 0.7542067307692307 0.33052884615384615 0.7405181623931624 0.3288595085470085 0.7572115384615384 0.3432158119658119 0.7698985042735043 0.3639155982905983 0.7769097222222221 0.3939636752136752 0.7882612179487178 0.4323584401709401 0.7959401709401709 0.4397035256410256 0.813969017094017 0.446380876068376 0.8420138888888888 0.45305822649572647 0.8643830128205128 0.4614049145299145 0.8583733974358974 0.45239049145299143 0.8353365384615384 0.4487179487179487 0.8059561965811965 0.4637419871794871 0.7956063034188033 0.4971287393162393 0.7882612179487178 0.539863782051282 0.781917735042735 0.5749198717948717 0.7789129273504273 0.6043002136752136 0.7722355769230769 0.6253338675213674 0.7695646367521367 0.6467013888888888 0.7802483974358974 0.6660657051282051 0.7926014957264956 0.707965791738382 0.79805830464716 0.7251102624784853 0.8104964500860584 0.7415824010327021 0.8057901247848537 0.7476333907056798 0.8162112736660929 0.7321697504302925 0.8178921041308089 0.7405739027538726 0.8380620697074009 0.7355314113597246 0.8679808519793459 0.7503227194492255 0.8817636617900171 0.7657863597246126 0.8968911359724612 0.7711650172117039 0.9143717728055076 0.7674671901893286 0.9321885757314974 0.7684756884681583 0.9590818631669534 0.7805776678141135 0.9634520223752151 0.791334982788296 0.9748816695352839
1 0.47456095041322316 0.998514979338843 0.4690728305785124 0.9862474173553719 0.4716554752066116 0.9581611570247934 0.46875 0.9265237603305786 0.4619705578512397 0.9000516528925621 0.4681043388429752 0.8848786157024794 0.4881198347107438 0.86744576446281 0.4981275826446281 0.8558238636363636 0.487474173553719 0.8764850206611571 0.4790805785123967 0.8926265495867769 0.4777892561983471 0.9178073347107438 0.4861828512396694 0.9510588842975207 0.48166322314049587 0.9701058884297521 0.4916709710743802 0.9991606404958678
1 0.6270056540342298 0.43073808068459657 0.637033924205379 0.43742359413202936 0.6322585574572127 0.457002597799511 0.6432419009779952 0.4885200183374083 0.6484948044009781 0.5181272921760391 0.6542252444987775 0.5357961491442543 0.6403766809290954 0.5601505195599022 0.6322585574572127 0.5663584963325183 0.6389440709046454 0.5792519865525673 0.652315097799511 0.5639708129584352 0.6704614914425429 0.5491671760391198 0.66377597799511 0.5186048288508558 0.6504049511002445 0.4823120415647922 0.6441969743276283 0.45270476772616136 0.6465846577017115 0.434080837408313 0.6298708740831296 0.42261995721271395
1 0.45273274058577406 0.0012258106694560669 0.45518436192468614 0.03309688807531381 0.4588617939330544 0.06619377615062762 0.46376503661087864 0.09316161087866108 0.4662166579497908 0.11808642782426777 0.4531413441422594 0.1638500261506276 0.43965742677824265 0.1932694822175732 0.4347541841004184 0.2181942991631799 0.4245390951882845 0.24557073744769872 0.41718423117154807 0.2553772228033473 0.42004445606694557 0.2827536610878661 0.427399320083682 0.2917429393305439 0.4392488232217573 0.25088258368200833 0.45354994769874474 0.21288245292887029 0.4617220188284519 0.18305439330543932 0.4690768828451883 0.15036610878661086 0.47438872907949786 0.11277458158995815 0.4935930962343096 0.11359178870292887 0.5103458420502092 0.11032296025104602 0.5230125523012552 0.12298967050209204 0.5397652981171548 0.13483917364016737 0.5458943514644351 0.15731236924686193 0.5663245292887029 0.1548607479079498 0.5875719142259413 0.15690376569037656 0.6006472280334728 0.16548444037656904 0.6255720449790795 0.1630328190376569 0.6509054654811716 0.16221561192468617 0.6627549686192469 0.15772097280334726 0.6406903765690376 0.1564951621338912 0.6100451098326359 0.15445214435146443 0.5892063284518828 0.14995750523012552 0.5610126830543932 0.14873169456066945 0.5512061976987448 0.14260264121338911 0.5475287656903766 0.1270757060669456 0.5287330020920502 0.11890363493723849 0.5152490847280334 0.10787133891213388 0.48746404288702927 0.10378530334728032 0.4747973326359832 0.09070998953974894 0.4764317468619247 0.07068841527196652 0.4719371077405857 0.03187107740585774 0.4658080543933054 0.0008172071129707113
1 0.9705682544757033 0.15135469948849103 0.9570812020460358 0.1678388746803069 0.9515864769820972 0.19581202046035806 0.9580802429667519 0.21779092071611253 0.9570812020460358 0.24726262787723785 0.9750639386189258 0.2452645460358056 0.9700687340153452 0.21429427749360613 0.9655730498721228 0.186321131713555 0.9750639386189258 0.17333359974424553
