0 0.5907402663934426 0.5795338114754098 0.6040812841530054 0.6099513319672131 0.5923411885245902 0.6147540983606558 0.6014130806010929 0.6360997267759563 0.6030140027322404 0.6590462773224044 0.6110186133879781 0.6344988046448087 0.6168886612021858 0.6553107923497268 0.625426912568306 0.6499743852459016 0.626494193989071 0.6371670081967213 0.6323642418032787 0.6494407445355191 0.6323642418032787 0.6227587090163934 0.6270278346994536 0.6062158469945355 0.6184895833333333 0.5918075478142076 0.6280951161202185 0.5784665300546448 0.625426912568306 0.545380806010929 0.6206241461748634 0.5336407103825136 0.604614924863388 0.5645918715846995 0.5982112363387978 0.5539190573770492 0.6062158469945355 0.5368425546448087 0.6088840505464481 0.5154969262295082 0.6040812841530054 0.49201673497267756 0.5971439549180327 0.5074923155737705 0.5955430327868853 0.4861466871584699 0.5998121584699453 0.46746926229508196 0.6030140027322404 0.4429217896174863 0.6099513319672131 0.44719091530054644 0.6147540983606558 0.4173070355191257 0.6200905054644809 0.4066342213114754 0.6168886612021858 0.3826203893442623 0.624359631147541 0.3938268442622951 0.6291623975409836 0.3874231557377049 0.6296960382513661 0.37194757513661203 0.6355660860655737 0.3826203893442623 0.6446379781420765 0.3602074795081967 0.6558444330601093 0.37408213797814205 0.6633154030054644 0.3836876707650273 0.6787909836065573 0.37354849726775957 0.6841273907103825 0.390625 0.6766564207650273 0.40076417349726773 0.6809255464480874 0.42104252049180324 0.68572831284153 0.4413208674863388 0.6894637978142076 0.46320013661202186 0.68359375 0.4653346994535519 0.684661031420765 0.48187756147540983 0.6942665642076502 0.4824112021857923 0.6915983606557377 0.48721396857923494 0.700136612021858 0.5144296448087432 0.702271174863388 0.4930840163934426 0.7092085040983607 0.48187756147540983 0.7172131147540983 0.49041581284153 0.7209485997267759 0.5138960040983607 0.7172131147540983 0.526703381147541 0.7129439890710382 0.5421789617486339 0.7140112704918032 0.5597891051912568 0.7182803961748634 0.5822020150273224 0.7102757855191256 0.5896729849726776 0.7060066598360656 0.5891393442622951 0.706540300546448 0.5998121584699453 0.7182803961748634 0.5982112363387978 0.7252177254098361 0.6126195355191256 0.7353568989071038 0.5950093920765027 0.7358905396174863 0.569394637978142 0.7358905396174863 0.5368425546448087 0.7353568989071038 0.5133623633879781 0.7321550546448087 0.4845457650273224 0.7417605874316939 0.45572916666666663 0.7508324795081966 0.4610655737704918 0.7577698087431693 0.45252732240437155 0.7631062158469945 0.4792093579234972 0.7588370901639344 0.5074923155737705 0.7673753415300546 0.5341743510928961 0.7513661202185792 0.5464480874316939 0.7438951502732241 0.5635245901639344 0.7460297131147541 0.5875384221311475 0.7422942281420765 0.5918075478142076 0.7422942281420765 0.6206241461748634 0.7486979166666666 0.5966103142076502 0.7604380122950819 0.6051485655737705 0.7604380122950819 0.6152877390710382 0.7641734972677595 0.6280951161202185 0.7748463114754098 0.6494407445355191 0.7967255806010929 0.6633154030054644 0.8127348019125683 0.663849043715847 0.8276767418032787 0.6953338456284153 0.8410177595628415 0.6729209357923497 0.8484887295081966 0.6798582650273224 0.8650315915300546 0.6510416666666666 0.8682334357923497 0.6798582650273224 0.862363387978142 0.6953338456284153 0.8805071721311475 0.6899974385245902 0.8703679986338797 0.7028048155737705 0.8644979508196721 0.7278859289617486 0.8783726092896175 0.7268186475409836 0.8783726092896175 0.7028048155737705 0.8906463456284153 0.6889301571038251 0.8927809084699453 0.6964011270491803 0.8917136270491803 0.7161458333333333 0.9050546448087431 0.7300204918032787 0.9066555669398907 0.6894637978142076 0.9109112394957982 0.7221638655462185 0.9152879901960783 0.7358412114845938 0.9103641456582632 0.7495185574229691 0.902157738095238 0.7719494047619047 0.8934042366946778 0.7637429971988795 0.8912158613445378 0.7774203431372548 0.8846507352941175 0.7878151260504201 0.8802739845938374 0.8003982843137254 0.8720675770308123 0.7954744397759103 0.8649553571428571 0.8031337535014005 0.8578431372549019 0.8255646008403361 0.8496367296918766 0.8086046918767507 0.8436186974789915 0.8025866596638654 0.8370535714285714 0.780702906162465 0.8370535714285714 0.7571778711484594 0.8200936624649859 0.7478772759103641 0.8184523809523809 0.7287289915966386 0.826111694677871 0.7128632703081232 0.8162640056022409 0.703015581232493 0.8179052871148459 0.6920737044817926 0.7976628151260503 0.6833202030812324 0.7998511904761905 0.7101278011204482 0.7938331582633052 0.706845238095238 0.7894564075630252 0.6997330182072828 0.7872680322128851 0.6805847338935573 0.780702906162465 0.663077731092437 0.7801558123249299 0.6740196078431372 0.7779674369747899 0.6855085784313725 0.7872680322128851 0.7079394257703081 0.7878151260504201 0.7227109593837534 0.7790616246498598 0.742953431372549 0.78343837535014 0.7588191526610644 0.7817970938375349 0.7779674369747899 0.7724964985994397 0.780702906162465 0.7697610294117646 0.7987570028011204 0.7817970938375349 0.8195465686274509 0.7785145308123249 0.8315826330532212 0.786173844537815 0.8474483543417366 0.7741377801120447 0.8693321078431372 0.7653842787114845 0.8841036414565826 0.7686668417366946 0.9114583333333333 0.7752319677871148 0.9163821778711484 0.7708552170868347 0.9327949929971988 0.7577249649859943 0.9147408963585434 0.7577249649859943 0.9327949929971988 0.7604604341736694 0.9492078081232492 0.7615546218487395 0.9650735294117646 0.7506127450980391 0.981486344537815 0.748424369747899 0.9907869397759103 0.7456889005602241 0.9989933473389355 0.704656862745098 0.9978991596638654 0.7112219887955181 0.9803921568627451 0.706298144257703 0.9628851540616246 0.708486519607843 0.940454306722689 0.7145045518207283 0.941001400560224 0.7221638655462185 0.9596025910364145 0.7287289915966386 0.9716386554621848 0.7298231792717086 0.9864101890756302 0.7407650560224089 0.9869572829131652 0.7418592436974789 0.9699973739495797 0.7259935224089635 0.9563200280112044 0.7232580532212884 0.939907212885154 0.7134103641456582 0.9273240546218486 0.6975446428571428 0.9256827731092436 0.704656862745098 0.9431897759103641 0.6986388305322129 0.9579613095238094 0.6860556722689075 0.9317008053221287 0.6855085784313725 0.9163821778711484 0.668548669467787 0.9087228641456582 0.6554184173669467 0.9070815826330532 0.6701899509803921 0.8966867997198879 0.6701899509803921 0.8868391106442576 0.6816789215686274 0.8726146708683473 0.7155987394957982 0.862766981792717 0.7205225840336134 0.8879332983193277 0.7270877100840335 0.9125525210084033 0.7336528361344538 0.9333420868347339 0.7358412114845938 0.9546787464985994 0.7363883053221288 0.9158350840336134 0.7413121498599439 0.8988751750700279 0.7358412114845938 0.8720675770308123 0.7402179621848739 0.8370535714285714 0.7341999299719887 0.8523721988795517 0.7216167717086834 0.8425245098039215 0.7166929271708683 0.8211878501400559 0.7210696778711484 0.8064163165266106 0.7281818977591036 0.8096988795518206 0.7270877100840335 0.8250175070028011 0.7418592436974789 0.8283000700280111 0.748424369747899 0.824470413165266 0.7478772759103641 0.8168110994397758 0.7528011204481793 0.8168110994397758 0.746235994397759 0.8042279411764706 0.7528011204481793 0.7938331582633052 0.7549894957983193 0.7774203431372548 0.743500525210084 0.8003982843137254 0.7325586484593837 0.7938331582633052 0.7232580532212884 0.7982099089635853 0.7161458333333333 0.7971157212885154 0.7123161764705882 0.7735906862745098 0.7177871148459383 0.7555365896358542 0.7199754901960784 0.7522540266106442 0.7309173669467787 0.7659313725490196 0.7418592436974789 0.7500656512605042 0.7396708683473389 0.7320115546218486 0.7418592436974789 0.7145045518207283 0.7517069327731092 0.7216167717086834 0.7528011204481793 0.6783963585434173 0.7418592436974789 0.6751137955182073 0.7456889005602241 0.6597951680672268 0.7298231792717086 0.6510416666666666 0.7216167717086834 0.6625306372549019 0.7161458333333333 0.6773021708683473 0.7210696778711484 0.6876969537815125 0.7292760854341737 0.6805847338935573 0.7281818977591036 0.703015581232493 0.7145045518207283 0.7024684873949579 0.704656862745098 0.6838672969187675 0.6980917366946778 0.6822260154061625 0.6920737044817926 0.706845238095238 0.6969975490196078 0.7336528361344538 0.6838672969187675 0.7320115546218486 0.6866027661064426 0.7090336134453781 0.6822260154061625 0.6959033613445378 0.6822260154061625 0.6762079831932772 0.6844143907563025 0.664719012605042 0.6740196078431372 0.6718312324929971 0.6696428571428571 0.7013742997198879 0.6805847338935573 0.7073923319327731 0.6783963585434173 0.7259935224089635 0.6745667016806722 0.7489714635854341 0.6729254201680672 0.7867209383753501 0.6800376400560224 0.8135285364145658 0.6778492647058822 0.7921918767507002 0.6844143907563025 0.7883622198879551 0.6893382352941176 0.7982099089635853 0.6882440476190476 0.8140756302521007 0.6855085784313725 0.826111694677871 0.6920737044817926 0.8463541666666666 0.6997330182072828 0.8551076680672268 0.6822260154061625 0.8720675770308123 0.6603422619047619 0.8797268907563025 0.6444765406162465 0.8912158613445378 0.6384585084033613 0.9125525210084033 0.6297050070028011 0.8830094537815125 0.6209515056022409 0.8687850140056022 0.627516631652661 0.8551076680672268 0.6324404761904762 0.822282037815126 0.6417410714285714 0.823923319327731 0.6373643207282913 0.8124343487394957 0.625328256302521 0.8184523809523809 0.6127450980392156 0.8135285364145658 0.6143863795518206 0.7910976890756302 0.6182160364145658 0.7637429971988795 0.627516631652661 0.7889093137254901 0.6318933823529411 0.8086046918767507 0.6379114145658262 0.7949273459383753 0.629157913165266 0.7817970938375349 0.625875350140056 0.7511598389355741 0.6182160364145658 0.7582720588235293 0.6154805672268907 0.7418592436974789 0.6297050070028011 0.7336528361344538 0.623686974789916 0.7019213935574229 0.6209515056022409 0.7227109593837534 0.5996148459383753 0.7002801120448179 0.58703168767507 0.6980917366946778 0.58703168767507 0.6554184173669467 0.5755427170868347 0.6346288515406162 0.5793723739495797 0.623686974789916 0.5733543417366946 0.6023503151260504
0 0.5839445153061225 0.7762675382653061 0.5754743303571429 0.8021763392857143 0.5814532844387755 0.8231026785714286 0.5839445153061225 0.8654536033163266 0.5884287308673469 0.8804009885204082 0.597397161989796 0.8470184948979592 0.6088568239795918 0.8400430484693878 0.5978954081632654 0.8280851403061225 0.6053691007653061 0.7867307079081632 0.5894252232142857 0.7932079081632654 0.5929129464285714 0.8211096938775511
0 0.001173048048048048 0.6662912912912913 0.015249624624624624 0.6557338588588588 0.01583614864864865 0.6686373873873874 0.01759572072072072 0.6786082957957957 0.02756662912912913 0.6615990990990991 0.04047015765765766 0.6621856231231231 0.041643205705705705 0.6674643393393394 0.05220063813813814 0.6469359984984985 0.057479354354354355 0.6246480855855856 0.057479354354354355 0.5964949324324325 0.08152683933933934 0.5671687312312312 0.0903246996996997 0.5912162162162162 0.10322822822822822 0.564236111111111 0.10616084834834835 0.5442942942942943 0.1049878003003003 0.5190737612612613 0.12375656906906907 0.5290446696696697 0.12258352102102102 0.5079298048048048 0.1266891891891892 0.48153622372372373 0.13607357357357358 0.4961993243243243 0.1489771021021021 0.4832957957957958 0.15777496246246245 0.45396959459459457 0.17009196696696696 0.47449793543543545 0.16188063063063063 0.5079298048048048 0.1683323948948949 0.5290446696696697 0.171265015015015 0.5571978228228228 0.17771677927927929 0.5695148273273273 0.18710116366366367 0.53784253003003 0.18768768768768768 0.5085163288288288 0.19003378378378377 0.5003049924924925 0.2123216966966967 0.513208521021021 0.2222926051051051 0.5460538663663663 0.21290822072072071 0.5859375 0.20821602852852852 0.6052927927927928 0.2123216966966967 0.6422438063063063 0.20411036036036034 0.6733295795795796 0.2152543168168168 0.7120401651651651 0.21877346096096095 0.7472316066066066 0.22639827327327328 0.7302224099099099 0.2369557057057057 0.7507507507507507 0.22698479729729729 0.7747982357357357 0.22287912912912913 0.805297484984985 0.22346565315315314 0.8240662537537538 0.2369557057057057 0.8035379129129129 0.24282094594594594 0.8234797297297297 0.22287912912912913 0.8404889264264264 0.21056212462462462 0.8733342717717718 0.22639827327327328 0.8821321321321322 0.23226351351351351 0.9096987612612613 0.24282094594594594 0.8944491366366366 0.2568975225225225 0.8891704204204204 0.27273367117117114 0.9114583333333333 0.26334928678678676 0.9314001501501501 0.25513795045045046 0.953101539039039 0.24106137387387386 0.951928490990991 0.23343656156156156 0.9560341591591591 0.243993993993994 0.9665915915915916 0.23519613363363362 0.9794951201201201 0.243993993993994 0.9976773648648648 0.0010653409090909116 0.9991606404958678
0 0.9039125673854448 0.1758338948787062 0.9012803234501348 0.19373315363881402 0.9049654649595688 0.20636792452830188 0.9044390161725068 0.22216138814016173 0.8960158355795148 0.22900522237196766 0.8997009770889488 0.24743092991913748 0.8902248989218329 0.2695417789757412 0.8923306940700809 0.295337769541779 0.8902248989218329 0.32850404312668463 0.9097035040431267 0.30902543800539084 0.9233911725067385 0.3200808625336927 0.9291821091644205 0.33587432614555257 0.9202324797843666 0.34956199460916443 0.9186531334231806 0.3611438679245283 0.9144415431266847 0.35640582884097033 0.9207589285714286 0.33798012129380056 0.9144415431266847 0.3248189016172507 0.9070712601078167 0.32587179919137466 0.9060183625336927 0.3400859164420485 0.8970687331536388 0.34692975067385445 0.9054919137466307 0.3627232142857143 0.8986480795148248 0.3779902291105121 0.9033861185983828 0.39641593665768193 0.9033861185983828 0.4211590296495957 0.8944364892183289 0.44221698113207547 0.8991745283018868 0.4601162398921833 0.9191795822102427 0.4374789420485175 0.9186531334231806 0.4222119272237197 0.9228647237196765 0.4053655660377359 0.9286556603773585 0.4227383760107817 0.9428697776280324 0.4074713611859838 0.9339201482479784 0.3969423854447439 0.9502400606469003 0.37641088274932616 0.9570838948787062 0.38536051212938005 0.9623483827493261 0.4374789420485175 0.9544516509433962 0.4332673517520216 0.9586632412398922 0.4522195080862534 0.9502400606469003 0.47222456199460916 0.9586632412398922 0.4716981132075472 0.9639277291105122 0.489070923180593 0.9691922169811321 0.5122346698113207 0.9649806266846361 0.5296074797843666 0.9739302560646901 0.5454009433962265 0.9886708221024259 0.5211842991913747 0.9986733490566038 0.5217107479784366 0.9965675539083558 0.48433288409703507 0.977088948787062 0.4664336253369272 0.9660335242587601 0.4480079177897574 0.9665599730458221 0.41326229784366575 0.971824460916442 0.391151448787062 0.9628748315363882 0.36588190700808626 0.9518194070080863 0.3600909703504043 0.9560309973045822 0.33903301886792453 0.9428697776280324 0.3211337601078167 0.9118092991913747 0.30744609164420483 0.9039125673854448 0.2990229110512129 0.9118092991913747 0.2742798180592992 0.9197060309973046 0.24690448113207547 0.9118092991913747 0.2142646563342318 0.9144415431266847 0.18004548517520216
1 0.036458333333333336 0.0032552083333333335 0.054036458333333336 0.005859375 0.08268229166666667 0.013671875 0.103515625 0.0234375 0.11588541666666667 0.025390625 0.15755208333333334 0.014973958333333334 0.17708333333333334 0.016927083333333332 0.203125 0.013020833333333334 0.21940104166666666 0.018229166666666668 0.240234375 0.009765625 0.2727864583333333 0.009114583333333334 0.2923177083333333 0.022135416666666668 0.2819010416666667 0.009114583333333334 0.2994791666666667 0.00390625 0.3229166666666667 0.001953125 0.3307291666666667 0.014973958333333334 0.337890625 0.044270833333333336 0.3483072916666667 0.060546875 0.3665364583333333 0.064453125 0.36328125 0.06901041666666667 0.3678385416666667 0.07942708333333333 0.3841145833333333 0.07291666666666667 0.3821614583333333 0.064453125 0.3997395833333333 0.07552083333333333 0.412109375 0.09049479166666667 0.431640625 0.10872395833333333 0.4368489583333333 0.09309895833333333 0.4485677083333333 0.09049479166666667 0.453125 0.08528645833333333 0.4375 0.07291666666666667 0.412109375 0.0625 0.384765625 0.050130208333333336 0.3671875 0.042317708333333336 0.3444010416666667 0.027994791666666668 0.35546875 0.0234375 0.3404947916666667 0.009114583333333334 0.3307291666666667 0.0006510416666666666 0.13541666666666666 0.0 0.12825520833333334 0.005859375 0.109375 0.009765625 0.09375 0.0
1 0.007838628762541806 0.36906877090301 0.018943352842809364 0.3546979515050167 0.03592704849498327 0.3520850752508361 0.06401546822742474 0.3337949414715719 0.05944293478260869 0.31942412207357856 0.0698944397993311 0.30440008361204013 0.08687813545150501 0.29982755016722407 0.12149874581939799 0.28937604515050164 0.12280518394648829 0.29721467391304346 0.11757943143812709 0.3024404264214047 0.13064381270903008 0.30701295986622074 0.1410953177257525 0.3259563127090301 0.15350647993311037 0.31681124581939796 0.17179661371237456 0.3259563127090301 0.19596571906354512 0.33183528428093645 0.21948160535117056 0.34489966555183943 0.22993311036789296 0.35796404682274247 0.2521425585284281 0.37364130434782605 0.24757002508361203 0.3481657608695652 0.2266670150501672 0.3351013795986622 0.20249790969899664 0.31681124581939796 0.1580790133779264 0.30570652173913043 0.1424017558528428 0.30701295986622074 0.13782922240802675 0.2913357023411371 0.12084552675585283 0.2828438545150501 0.08099916387959866 0.29329535953177255 0.06270903010033445 0.2991743311036789 0.05617683946488294 0.3122387123745819 0.050951086956521736 0.3285691889632107 0.03853992474916388 0.3396739130434782 0.018943352842809364 0.34881897993311034 0.007185409698996655 0.35535117056856186
1 0.01437081939799331 0.31681124581939796 0.018943352842809364 0.28937604515050164 0.02874163879598662 0.2743520066889632 0.018290133779264212 0.2508361204013378 0.036580267558528425 0.23646530100334445 0.034620610367892976 0.2109897575250836 0.04572533444816053 0.19204640468227424 0.06270903010033445 0.17310305183946487 0.06662834448160534 0.13782922240802675 0.07577341137123746 0.11496655518394648 0.08883779264214046 0.08687813545150501 0.08687813545150501 0.062055811036789296 0.10059573578595317 0.0633622491638796 0.09406354515050167 0.07838628762541805 0.09536998327759197 0.09471676421404682 0.08622491638795986 0.11104724080267558 0.07838628762541805 0.1254180602006689 0.07316053511705685 0.1410953177257525 0.07642663043478261 0.16461120401337792 0.0712008779264214 0.17963524247491638 0.05617683946488294 0.1940060618729097 0.04245923913043478 0.21686872909698995 0.04441889632107023 0.2521425585284281 0.03527382943143813 0.27761810200668896
1 0.4397420488165681 0.12770432692307693 0.44494267751479294 0.1519739275147929 0.45938886834319526 0.17739922337278108 0.48192492603550297 0.1849112426035503 0.4680565828402367 0.15544101331360946
1 0.003716362847222222 0.6218804253472222 0.019314236111111112 0.6279839409722222 0.028130425347222224 0.638156467013889 0.049153645833333336 0.6523980034722222 0.05593532986111112 0.665283203125 0.08034939236111112 0.6666395399305556 0.06949869791666667 0.650363498263889 0.03965928819444445 0.6300184461805556 0.010498046875 0.613742404513889 0.002360026041666668 0.6123860677083334
1 0.003716362847222222 0.534396701388889 0.027452256944444448 0.528293185763889 0.07221137152777778 0.522189670138889 0.10340711805555557 0.5126953125 0.1176486545138889 0.5106608072916667 0.138671875 0.5079481336805556 0.1637641059027778 0.50048828125 0.17664930555555555 0.4909939236111111 0.19156901041666669 0.4977756076388889 0.22615559895833334 0.4991319444444445 0.2661675347222222 0.5093044704861112 0.2905815972222222 0.503879123263889 0.3021104600694445 0.5174424913194444 0.3312717013888889 0.5330403645833334 0.3773871527777778 0.5296495225694444 0.3733181423611111 0.5174424913194444 0.3285590277777778 0.5126953125 0.3007541232638889 0.503879123263889 0.2892252604166667 0.4855685763888889 0.27294921875 0.46590169270833337 0.2709147135416667 0.4408094618055556 0.2654893663194445 0.3980848524305556 0.2553168402777778 0.4143608940972222 0.2532823350694445 0.4408094618055556 0.26888020833333337 0.4774305555555556 0.23225911458333334 0.48828125 0.193603515625 0.4808213975694445 0.1780056423611111 0.4740397135416667 0.15562608506944445 0.4848904079861111 0.13189019097222224 0.494384765625 0.10951063368055557 0.49981011284722227 0.08848741319444445 0.5106608072916667 0.06814236111111112 0.518798828125 0.005750868055555556 0.5235460069444444
1 0.9863607859531772 0.8857650501672241 0.9517401755852842 0.8753135451505016 0.9158131270903009 0.8720474498327758 0.9034019648829431 0.8322010869565217 0.907321279264214 0.7956208193979932 0.9125470317725752 0.7583873327759196 0.8949101170568561 0.7655727424749164 0.8896843645484949 0.7884354096989966 0.8883779264214047 0.8139109531772575 0.8890311454849498 0.8504912207357859 0.8968697742474916 0.8792328595317725 0.8857650501672241 0.9027487458193979 0.8517976588628762 0.9236517558528428 0.841999372909699 0.9406354515050167 0.8328543060200668 0.9661109949832776 0.8165238294314381 0.9844011287625417 0.8060723244147157 0.9961590719063544 0.8263221153846153 0.9981187290969898 0.8341607441471571 0.9791753762541805 0.8544105351170568 0.951086956521739 0.8844586120401338 0.9314903846153846 0.9014423076923076 0.8975229933110367 0.9158131270903009 0.8857650501672241 0.9406354515050167 0.8857650501672241 0.9706835284280936 0.8903375836120401
1 0.51765656375502 0.8769452811244979 0.5074595256024096 0.8840047690763051 0.5043219754016064 0.9122427208835341 0.49098738704819267 0.9514620983935742 0.46196504769076296 0.9585215863453814 0.45882749748995977 0.9804844377510039 0.4274519954819277 0.9702873995983935 0.4345114834337349 0.9608747489959839 0.4509836219879517 0.9538152610441766 0.4792215737951807 0.9475401606425702 0.494124937248996 0.9216553714859437 0.5004000376506024 0.8847891566265059
0 0.4260882452574526 0.6589811991869918 0.42661754742547425 0.6663914295392954 0.42132452574525747 0.6748602642276423 0.4202659214092141 0.6981495596205962 0.4260882452574526 0.7246146680216802 0.4260882452574526 0.7113821138211383 0.43138126693766937 0.6949737466124661 0.4282054539295393 0.6801532859078591 0.4361449864498645 0.6727430555555556
1 0.4797794117647059 0.6066176470588235 0.5073529411764706 0.5988051470588235 0.5160845588235294 0.5735294117647058 0.5197610294117647 0.5923713235294118 0.5206801470588235 0.6043198529411765 0.5013786764705882 0.6185661764705882 0.4797794117647059 0.6291360294117647
